Epoch  Time  Train MSE  Train L2  Test L2 
0 0.6800351967103779 0.0786190771125257 0.5051480360031128 0.23244887590408325
1 0.34949209401383996 0.01040781713090837 0.18976660752296448 0.13102699398994447
2 0.3483554250560701 0.004266128635499626 0.11269804751873017 0.11257050514221191
3 0.34813943412154913 0.002667978637618944 0.08548359608650208 0.0766528034210205
4 0.3478635950013995 0.002035830714739859 0.07095891618728638 0.06421323239803314
5 0.347900683991611 0.0017166437674313783 0.0649256112575531 0.0548498472571373
6 0.3492631739936769 0.0012841060847858898 0.053675740718841555 0.043206590414047244
7 0.3510069428011775 0.0011602161510381847 0.05226358169317245 0.05619970321655274
8 0.34975342359393835 0.0009291243233019486 0.04604113173484802 0.053110105395317075
9 0.3493940527550876 0.000931960880116094 0.04833915543556214 0.04132266134023666
10 0.35183830186724663 0.0007936923042871059 0.04426363587379455 0.04437371522188187
11 0.35101395286619663 0.0008367703325347975 0.0470965570807457 0.03796182543039322
12 0.35030784411355853 0.0007188158680219203 0.04244979375600815 0.03712173014879227
13 0.35108161391690373 0.0006056063270079903 0.03818007212877274 0.03584713906049728
14 0.34990953328087926 0.0005507879683864302 0.03817410850524902 0.04798512130975723
15 0.3486657040193677 0.0005147239629877731 0.03576705652475357 0.029554480761289595
16 0.35022459411993623 0.00045539546335930935 0.033035602509975434 0.03403263866901398
17 0.3495743228122592 0.0005007286480395123 0.035884432673454286 0.029255612939596175
18 0.3501220038160682 0.0004898927698377519 0.03587789750099182 0.036764863133430484
19 0.349662902764976 0.00046390266055823304 0.034965098857879635 0.031146725416183473
20 0.3488773051649332 0.00047216910199495034 0.03781524562835693 0.035991302132606505
21 0.34908531373366714 0.0004140173325140495 0.034404321908950805 0.03485264480113983
22 0.3488884042017162 0.00041436925414018333 0.03594214278459549 0.03611798584461212
23 0.3491106629371643 0.0003160190138441976 0.028723813384771348 0.031975719034671786
24 0.3501262227073312 0.00034759224887238817 0.03202620327472687 0.032919282615184786
25 0.3471583048813045 0.0003525428019929677 0.03267152926325798 0.03114040046930313
26 0.3498899135738611 0.00034897942139650696 0.03150771102309227 0.03044697254896164
27 0.3481892948038876 0.00030706764337082857 0.030787163823843004 0.02819655880331993
28 0.3499361933209002 0.0002698501646227669 0.027306137442588807 0.029815059900283814
29 0.3475734549574554 0.00031764792933245187 0.031496882647275924 0.03464816629886627
30 0.35019266279414296 0.00028628806714550595 0.029255552142858507 0.025339200049638747
31 0.34961860394105315 0.00022210971874301322 0.023879512071609498 0.025517121702432633
32 0.3508721827529371 0.0002704687454388477 0.030838938027620316 0.023623134344816207
33 0.3482293449342251 0.00029376924649113787 0.032453388720750806 0.03314376920461655
34 0.3520816322416067 0.00028900747041916476 0.030910192519426345 0.02703630119562149
35 0.3495030738413334 0.00022739128282410094 0.026189798951148986 0.03307616740465164
36 0.34815963404253125 0.00025607384828617795 0.028376164197921754 0.028470607995986937
37 0.35006757359951735 0.0002799390214931918 0.029427546977996825 0.029481871724128722
38 0.34916361421346664 0.0003049134762113681 0.032560485064983366 0.037345170378685
39 0.350513462908566 0.00028337785479379816 0.02992553222179413 0.027586794644594192
40 0.3490202440880239 0.0002759709034580737 0.03055338725447655 0.040667431950569155
41 0.34983080392703414 0.00023299003558349796 0.028722526341676713 0.02653213858604431
42 0.34804303478449583 0.00026809035654878243 0.0308530835211277 0.026196340471506117
43 0.34967579413205385 0.00018270168657181786 0.024050980657339096 0.027672702521085737
44 0.3484117737971246 0.00016001412841433195 0.02303351441025734 0.025318066626787185
45 0.34897790383547544 0.00022427521595091092 0.02703472691774368 0.02418673664331436
46 0.3484677136875689 0.00018158554077672307 0.024151270359754562 0.02998606503009796
47 0.3508014129474759 0.00015750090147776064 0.02232476621866226 0.023895532190799713
48 0.3489725752733648 0.00017557655519340187 0.025033333033323286 0.03180652916431427
49 0.35022299364209175 0.00015499019118578872 0.02208603173494339 0.026329187452793123
50 0.34860630379989743 0.0001040442250086926 0.017738427460193634 0.01822751507163048
51 0.34871066408231854 9.755295366630889e-05 0.017677067667245864 0.018218288868665694
52 0.3499179338105023 8.803284574241843e-05 0.01631582435965538 0.013935938104987144
53 0.3476926148869097 8.544649976101937e-05 0.01591193288564682 0.014265598058700561
54 0.3475643349811435 7.616642818902619e-05 0.014908709824085235 0.016273367404937743
55 0.3490478037856519 7.456638664734782e-05 0.015048617869615555 0.01601612240076065
56 0.34834395395591855 7.239015223603929e-05 0.014362908318638802 0.014917962700128556
57 0.34716350492089987 6.418267246772303e-05 0.013449564009904862 0.015217690318822861
58 0.3483650339767337 7.659488561330363e-05 0.015390544533729553 0.016600867658853533
59 0.3474757941439748 7.998162604053505e-05 0.015340041011571885 0.017041671723127365
60 0.34836215525865555 6.494497516541742e-05 0.01446679311990738 0.01758326783776283
61 0.34792622411623597 7.424979758070549e-05 0.015115723490715027 0.020278201550245286
62 0.3476991946808994 6.68346528254915e-05 0.014468629434704781 0.013754583671689033
63 0.34821197390556335 7.186134389485233e-05 0.014483369424939156 0.018150182217359544
64 0.3473621248267591 7.399599599011708e-05 0.016363399371504782 0.023079432845115662
65 0.34725920483469963 8.922258726670406e-05 0.01804958653450012 0.019412925094366075
66 0.3468820652924478 9.058170602656901e-05 0.017719401523470877 0.028632966578006746
67 0.3471351647749543 9.49017589664436e-05 0.01850882126390934 0.020400875806808473
68 0.3495965329930186 7.179104733950225e-05 0.016225482687354086 0.017587368190288544
69 0.34800550527870655 6.600359905860387e-05 0.015302141427993774 0.019485773444175722
70 0.34811224415898323 8.976259541668697e-05 0.018168831184506417 0.020064221918582915
71 0.3484048340469599 8.793104116193718e-05 0.0174442051500082 0.020213567167520523
72 0.3481944249942899 6.881837507535237e-05 0.015449049100279808 0.018808413296937943
73 0.3478688048198819 6.609683397982735e-05 0.01592406590282917 0.021710009276866914
74 0.348171544726938 6.741872741258703e-05 0.015189423456788063 0.0150942512601614
75 0.349587504286319 6.544066192873288e-05 0.014777019888162614 0.0162269090116024
76 0.34876311430707574 7.099433609255357e-05 0.015656310960650444 0.016344919800758362
77 0.34898819401860237 6.338160572340712e-05 0.014811992511153222 0.01726646602153778
78 0.3472970351576805 6.308934804110323e-05 0.014570888683199883 0.015032552033662796
79 0.3471247050911188 6.643966429692227e-05 0.015020830109715461 0.016386713981628418
80 0.349290254060179 5.187269674934214e-05 0.013124124884605407 0.01634051188826561
81 0.3493594126775861 6.0520900296978654e-05 0.015295000478625297 0.021155246496200562
82 0.34822258492931724 6.677151512121782e-05 0.01552080561220646 0.016934610605239868
83 0.34815836418420076 8.038641899474897e-05 0.0161639436930418 0.01601807788014412
84 0.3506912626326084 6.554087249242003e-05 0.015412959098815918 0.01504488207399845
85 0.3474443950690329 7.279299650690518e-05 0.016882303297519684 0.017932030260562896
86 0.3487013643607497 6.947042387764668e-05 0.01684145177900791 0.020517513155937195
87 0.3494259142316878 6.754526581062236e-05 0.016742301672697066 0.018549774289131165
88 0.34840530389919877 6.260590194870019e-05 0.014970946863293647 0.013612884059548379
89 0.3478682651184499 5.320511601894395e-05 0.013573291078209877 0.016035812944173812
90 0.34905726416036487 8.3736200358544e-05 0.0178778850287199 0.018094966411590575
91 0.3477733936160803 7.295060016986099e-05 0.0169861501455307 0.016613659113645554
92 0.34750972408801317 4.627479069313267e-05 0.013205759599804879 0.014593500047922134
93 0.3478672048076987 4.727576746518025e-05 0.013177763670682907 0.016323287189006806
94 0.3487045243382454 5.923484404775081e-05 0.014944346368312836 0.015747945606708526
95 0.3477373840287328 5.7322668326378334e-05 0.01460516682267189 0.012830051183700562
96 0.34688421478495 5.950473743723705e-05 0.015047531619668007 0.018066881597042082
97 0.3484417046420276 5.116435815580189e-05 0.013457254946231841 0.02234029531478882
98 0.34802350401878357 6.791396448534215e-05 0.015944956213235856 0.013726945593953132
99 0.34815825475379825 4.713399463071255e-05 0.01307490184903145 0.015570738464593887
100 0.34997145272791386 3.230998408980668e-05 0.010427029758691787 0.011052850857377053
101 0.34787479508668184 2.7747181284212275e-05 0.009509782299399376 0.01177760325372219
102 0.348205313552171 2.537315205699997e-05 0.009210214123129844 0.01206016018986702
103 0.3471482750028372 2.6259723126713654e-05 0.009844113200902938 0.010828852280974388
104 0.3478417149744928 2.307137353454891e-05 0.008804507672786713 0.011316356360912322
105 0.3480465835891664 2.752334112301469e-05 0.009802811682224273 0.012657314836978913
106 0.35009302431717515 3.0496406106976793e-05 0.010654375612735748 0.011300291046500205
107 0.3480575536377728 2.303994309841073e-05 0.009182108402252196 0.012992994487285614
108 0.3473454248160124 2.638041849422734e-05 0.009982654184103013 0.010396762415766717
109 0.3478494440205395 2.266820685690618e-05 0.009299543604254723 0.010188300013542175
110 0.34769601514562964 3.037519525605603e-05 0.010946181654930115 0.012476863041520118
111 0.3488999339751899 2.6145638275920647e-05 0.009884826019406318 0.011498909518122673
112 0.3475637650117278 2.7823037780763115e-05 0.010097908988595009 0.011354033276438713
113 0.3476731153205037 2.3558376133223645e-05 0.009246631741523743 0.011599495336413383
114 0.34736541379243135 2.6302634705643867e-05 0.010049522429704666 0.010981075167655945
115 0.34795639384537935 2.2370862079696963e-05 0.009202427372336388 0.011053042486310005
116 0.3473370149731636 2.8429841931938428e-05 0.010317247435450554 0.012369235381484031
117 0.3493609740398824 2.697163648917922e-05 0.010042810708284378 0.014934573620557785
118 0.34815175412222743 2.819124618326896e-05 0.010421143755316734 0.012365258336067199
119 0.34780098497867584 3.065510578380781e-05 0.01082613281905651 0.01187232717871666
120 0.34780378360301256 3.4139012041123354e-05 0.01121507678925991 0.016423939019441603
121 0.34667534474283457 3.0892126251274024e-05 0.010788559660315514 0.011167037412524223
122 0.3487666151486337 2.442918686028861e-05 0.009438443616032601 0.011285087317228317
123 0.34759164368733764 2.433840496451012e-05 0.009197367340326308 0.011548693627119064
124 0.3478686851449311 2.3395402004098286e-05 0.009397992879152299 0.011619437634944916
125 0.3486417937092483 3.0783529236941834e-05 0.01089112874865532 0.012885028943419457
126 0.34773465525358915 2.424764114039135e-05 0.009579052478075027 0.011102835163474083
127 0.34713150514289737 2.6405865282868037e-05 0.0099316775649786 0.0122930096834898
128 0.3500341325998306 2.31994311161543e-05 0.009491103053092956 0.011594478562474251
129 0.34970258409157395 2.1210186741882352e-05 0.009119407653808594 0.011137496009469032
130 0.34932868368923664 2.0641569481085753e-05 0.00882768516242504 0.010432362258434295
131 0.34767997404560447 2.199060591010493e-05 0.0093127730935812 0.01002909503877163
132 0.3521959730423987 2.1471038799063536e-05 0.009126087874174118 0.01425309181213379
133 0.3480799039825797 2.5412604154553266e-05 0.009793130993843078 0.010246866419911384
134 0.3479137741960585 2.0553556805680272e-05 0.00846091901510954 0.009886611849069596
135 0.34729037480428815 2.0804199084523135e-05 0.008978536382317543 0.012560197114944459
136 0.34720443515107036 2.3839171317376894e-05 0.00952863973379135 0.011888974457979202
137 0.34799988428130746 2.3032872668409255e-05 0.009217640146613122 0.010430266261100768
138 0.34802171494811773 2.200981018177117e-05 0.009540146440267563 0.012341166958212852
139 0.3476999746635556 2.1777712372568204e-05 0.009098176926374435 0.010505438819527625
140 0.348427964374423 2.3565911824334762e-05 0.009384327441453934 0.010112039968371392
141 0.34740242594853044 2.26279685193731e-05 0.009402643859386444 0.010473669990897178
142 0.3476705439388752 2.2180957184900762e-05 0.009014820918440818 0.01123680204153061
143 0.347858845256269 2.3344542478298534e-05 0.00941404977440834 0.012250132486224174
144 0.3486295137554407 2.3280969126062702e-05 0.009480924472212791 0.010134300366044045
145 0.34811082389205694 2.2868017686050736e-05 0.009484661355614663 0.012071134150028228
146 0.34743150509893894 2.1722498877352338e-05 0.009485850632190705 0.011434593796730041
147 0.347785915248096 2.6154934694204713e-05 0.010139575928449631 0.012738943547010422
148 0.348276533652097 2.419400403596228e-05 0.009920640379190444 0.010147876441478729
149 0.34721890510991216 1.8735786452452884e-05 0.00859664696455002 0.009581159725785255
150 0.34878873405978084 1.4500202605631784e-05 0.007548185683786869 0.00964491032063961
151 0.34737107530236244 1.2012417209916748e-05 0.006840130664408207 0.009321997165679932
152 0.3470515152439475 1.3157236162442132e-05 0.007142834305763244 0.010390421226620674
153 0.34803090523928404 1.4507832220260753e-05 0.0074239781573414805 0.009603737592697144
154 0.3477684441022575 1.3348436768865212e-05 0.0073403876572847365 0.00904973827302456
155 0.34878845419734716 1.2033876728310134e-05 0.006817219056189061 0.009381418228149413
156 0.3477017246186733 1.2497582065407187e-05 0.0071929127275943755 0.009596325904130936
157 0.34779156371951103 1.4394075424206677e-05 0.007712091229856014 0.00920997567474842
158 0.34834794513881207 1.1679253848342342e-05 0.006854804836213589 0.009151807427406311
159 0.3484175642952323 1.3654194890477812e-05 0.007443293116986751 0.011774339526891709
160 0.34881622437387705 1.3864730508430512e-05 0.007390472747385502 0.00904208667576313
161 0.3478649049066007 1.2414442398949177e-05 0.006993185982108116 0.009282425865530968
162 0.34766361536458135 1.1397308990126475e-05 0.006790614597499371 0.009399582073092461
163 0.34716450376436114 1.1587024609980289e-05 0.006773581854999065 0.01031899243593216
164 0.3476078440435231 1.259435247447982e-05 0.00712880390882492 0.009639637768268585
165 0.34782566456124187 1.2562902174977352e-05 0.007078782267868519 0.008568794205784798
166 0.35029570292681456 1.2028121891489719e-05 0.0069350039884448055 0.009680607467889785
167 0.34785267477855086 1.3658333555213176e-05 0.00733970894664526 0.008975754156708718
168 0.3507494227960706 1.4649575805378844e-05 0.007746363610029221 0.010416182279586792
169 0.3493439140729606 1.1704984044627054e-05 0.006831935331225395 0.008726705312728882
170 0.34819644410163164 1.1493943975438015e-05 0.006728491149842739 0.00901081919670105
171 0.3483925350010395 1.2336233303358314e-05 0.00704629372805357 0.00923137106001377
172 0.34964418364688754 1.295309409215406e-05 0.007352233290672302 0.009008054360747338
173 0.34908796288073063 1.3300549017003505e-05 0.0072349652275443075 0.00891672559082508
174 0.348400994669646 1.1646831771940925e-05 0.0068863902986049655 0.00956783838570118
175 0.34809370478615165 1.1617192212725058e-05 0.006766844801604748 0.00881345458328724
176 0.34762895526364446 1.2205657330923714e-05 0.007150178343057633 0.0101955047249794
177 0.34760955488309264 1.1935130733036203e-05 0.007095428705215454 0.010418650433421136
178 0.3490099241025746 1.2068790783814621e-05 0.007020930714905262 0.009642507582902908
179 0.350028813816607 1.3802868306811433e-05 0.007456246629357338 0.009607830345630645
180 0.3476981553249061 1.3438605747069232e-05 0.00742121271789074 0.009103301763534546
181 0.34975579380989075 1.2076094526491942e-05 0.007035036534070969 0.008850682228803634
182 0.3484697639942169 1.0109119339176686e-05 0.006475252270698548 0.00941663384437561
183 0.34837739495560527 1.2496598792495206e-05 0.007274543911218644 0.009062715247273445
184 0.35006123408675194 1.135235568654025e-05 0.006909047953784466 0.009803586602211
185 0.3485684241168201 1.1550480112418881e-05 0.006948125556111336 0.008875923678278923
186 0.34785226499661803 1.1902064725290984e-05 0.007103632010519505 0.010525901764631272
187 0.3483616542071104 1.2322226475589559e-05 0.007152415618300438 0.009065948650240898
188 0.34809553483501077 1.3311027878444292e-05 0.007547795705497265 0.010180073752999307
189 0.3478491543792188 1.2523211171355798e-05 0.007403215497732162 0.008625752553343772
190 0.3485199538990855 1.0195119452873769e-05 0.00656431157886982 0.00902808427810669
191 0.3479882748797536 1.1799436524597695e-05 0.006837756298482418 0.008744587525725364
192 0.3484166543930769 1.0107368134413263e-05 0.006603885255753994 0.008584406450390816
193 0.3477203752845526 1.1750323110391037e-05 0.007146210059523582 0.009498393088579178
194 0.34985446417704225 1.183066322482773e-05 0.007118585631251335 0.010184339582920074
195 0.34750951500609517 1.376830900881032e-05 0.007645362138748169 0.010455711632966996
196 0.34753159480169415 1.2179973091406281e-05 0.00720539728552103 0.010052669495344162
197 0.34789090510457754 1.2730127709801308e-05 0.007393279105424881 0.009471796378493309
198 0.34823180409148335 1.0888200640692958e-05 0.006925559848546982 0.008959572613239288
199 0.34783801482990384 1.2471567142711137e-05 0.007136674031615257 0.008957288861274719
200 0.3475450552068651 8.450630157312843e-06 0.006033086158335209 0.008237434774637222
201 0.3479505446739495 8.571245994062337e-06 0.006010583966970444 0.008665415570139884
202 0.34879795415326953 7.396907094516792e-06 0.0056466106548905375 0.008302818574011326
203 0.34970174403861165 7.81264844135876e-06 0.005765907891094685 0.008242545574903488
204 0.34828254394233227 8.035661935537063e-06 0.005695273913443088 0.00820785079151392
205 0.3486183350905776 7.706668066020939e-06 0.005710308246314526 0.008323983289301395
206 0.347772313747555 7.79426686676743e-06 0.005697065852582455 0.008498921915888786
207 0.347790515050292 8.195984291887725e-06 0.005888409480452538 0.008008456751704217
208 0.34833228401839733 7.460653109774284e-06 0.005693945892155171 0.00877417542040348
209 0.34790781512856483 8.352592299161188e-06 0.005838561818003654 0.00866948813199997
210 0.3473693849518895 7.805702025507344e-06 0.0057423368245363236 0.008394923247396945
211 0.34827130381017923 7.733375614407123e-06 0.005701384775340557 0.008367552161216736
212 0.3499375036917627 7.624639747518813e-06 0.005735986903309822 0.00869461715221405
213 0.3482010839506984 8.376299438168645e-06 0.006041386254131794 0.008323290050029755
214 0.3488576738163829 7.690669754083501e-06 0.005774300210177898 0.008183290623128415
215 0.347542115021497 7.349717143370071e-06 0.005741757541894913 0.00856034830212593
216 0.34725647512823343 7.731723444521776e-06 0.005670416735112667 0.00850323997437954
217 0.3480098652653396 8.893381082089036e-06 0.006134764887392521 0.009143451601266861
218 0.3477240037173033 8.184464427358762e-06 0.006036474034190178 0.008162142410874366
219 0.34717593528330326 8.06587906936329e-06 0.0058006647452712055 0.008415841311216355
220 0.3479539449326694 7.587941186102399e-06 0.005582556180655956 0.008130880147218704
221 0.34810543386265635 7.2167646430898455e-06 0.005622522957623005 0.008336992487311363
222 0.3499012840911746 7.887289993959712e-06 0.005921585865318775 0.008407705202698708
223 0.34720023488625884 7.715489750808047e-06 0.005693093195557594 0.008328761570155621
224 0.3484317339025438 7.672044766877661e-06 0.005759551152586937 0.008269963413476944
225 0.3480755751952529 7.630448799318401e-06 0.005667694695293903 0.00863922193646431
226 0.34695771476253867 7.30505773844925e-06 0.005646992690861225 0.008535221219062805
227 0.3485404239036143 7.593262166665227e-06 0.005699286974966526 0.008485975451767444
228 0.3491803640499711 7.724796241745934e-06 0.005827496647834778 0.008664589449763298
229 0.3479933449998498 7.555458278147853e-06 0.00572532220184803 0.008632648698985577
230 0.3478180537931621 8.560352243875968e-06 0.0061991985663771626 0.008203841336071492
231 0.3508713929913938 7.904475596660632e-06 0.005841119855642319 0.008692776635289192
232 0.3480089446529746 8.010708197616623e-06 0.005908687844872475 0.008445846959948539
233 0.3479949436150491 8.247025534728892e-06 0.005888684965670109 0.008234324455261231
234 0.347750854678452 7.602917439726298e-06 0.005782872810959816 0.008398633301258087
235 0.34712245501577854 8.100720069705858e-06 0.006001599296927452 0.009189990088343621
236 0.3473497750237584 7.52348129026359e-06 0.005778307981789112 0.008753969892859459
237 0.3475124747492373 7.187897667790822e-06 0.005593989416956902 0.008304801136255265
238 0.34789892425760627 7.408680444314086e-06 0.00564802211523056 0.007973372004926205
239 0.34773782500997186 7.310565433726879e-06 0.005658233836293221 0.008443810343742371
240 0.34852276369929314 7.1539857253810626e-06 0.005557769916951657 0.008729555755853652
241 0.3474078648723662 7.5019709629486894e-06 0.005768364630639553 0.008419913798570633
242 0.3481439151801169 7.512019974456052e-06 0.005739243611693382 0.00816369455307722
243 0.3472042242065072 7.395947495751897e-06 0.005599259302020073 0.008409083932638168
244 0.3478146851994097 7.652296403648506e-06 0.005736980475485325 0.008283047340810298
245 0.3482688940130174 8.354356027666655e-06 0.005913462661206723 0.008361240848898888
246 0.34783692425116897 7.7780070978406e-06 0.00585122287273407 0.008986402601003647
247 0.3476464147679508 7.618105260007724e-06 0.005847495436668396 0.00839981909841299
248 0.34812775487080216 8.418354586865463e-06 0.005930800534784794 0.008759983256459236
249 0.34880590392276645 7.526392073486931e-06 0.0058399907797575 0.008404868580400944
250 0.3476595338433981 6.181425915201544e-06 0.005158061765134335 0.007927611842751503
251 0.34853324480354786 6.052849003026495e-06 0.005095941990613938 0.007936969362199307
252 0.34796763490885496 6.102556512814772e-06 0.005096278175711632 0.007908149398863315
253 0.34841014398261905 5.968971918264288e-06 0.005113383330404758 0.007976529076695443
254 0.34894211404025555 6.076634581404505e-06 0.0051389655098319055 0.007850531302392483
255 0.3482779641635716 6.202930899235071e-06 0.0050994881764054294 0.008120771273970604
256 0.347520284820348 6.222553697625699e-06 0.005233677491545677 0.007954042702913285
257 0.34798034373670816 5.893942357033666e-06 0.005102066472172737 0.007769736759364605
258 0.34866282530128956 6.166182224660588e-06 0.005131495080888272 0.0086850755661726
259 0.34935577400028706 5.881776860405807e-06 0.005117812611162662 0.007822103276848793
260 0.34738344606012106 6.017854311721749e-06 0.005130637906491756 0.008094025440514088
261 0.34757230384275317 5.864891431883734e-06 0.005007020853459835 0.007986480668187142
262 0.34746948489919305 5.910249219596153e-06 0.0051421280279755595 0.007906982004642486
263 0.3477443549782038 6.088029713282594e-06 0.005135962963104248 0.007996173202991485
264 0.34755637403577566 6.227550079529464e-06 0.00518817176669836 0.008085479661822319
265 0.3485669242218137 6.171751233523537e-06 0.005245103754103184 0.008132574111223222
266 0.34803133364766836 6.8578962373067045e-06 0.005534126095473766 0.00824071392416954
267 0.3485065852291882 5.903591118112672e-06 0.005081742100417614 0.007979862615466118
268 0.3494846629910171 5.840832768626569e-06 0.005040062032639981 0.007823897749185562
269 0.3478136542253196 5.7064364909820146e-06 0.004951484404504299 0.00783297885209322
270 0.3472529146820307 6.244848300411832e-06 0.0052952499240636825 0.008075635433197021
271 0.34805922396481037 6.0950709985263526e-06 0.005178838036954403 0.007762700729072094
272 0.34726727521046996 5.724464217564673e-06 0.005044664181768894 0.007799352183938026
273 0.34773752512410283 5.811739301861963e-06 0.005052808441221714 0.007925148978829384
274 0.3488546637818217 5.76444359467132e-06 0.0050397453904151915 0.007782701663672924
275 0.34724915493279696 5.908900634494785e-06 0.004994841419160366 0.007701286226511002
276 0.348002415150404 5.887322427042818e-06 0.005127241671085358 0.007997422814369201
277 0.35172226186841726 5.5554616324116065e-06 0.004934827774763107 0.007879938818514348
278 0.3493676232174039 5.656708872265881e-06 0.004999856032431126 0.008095698393881322
279 0.3475639042444527 5.960923481325153e-06 0.005168529368937015 0.008169718720018863
280 0.3499422539025545 5.825518342135183e-06 0.005096415892243385 0.007817416302859783
281 0.3493831343948841 6.0962550287513296e-06 0.005210663408041 0.007916999459266662
282 0.348143074195832 5.7430595097685e-06 0.005016808018088341 0.008245692253112794
283 0.34869265416637063 5.687194184247346e-06 0.005003418445587158 0.0078224590793252
284 0.34813117422163486 5.787021837022621e-06 0.005187609359622002 0.007847499996423722
285 0.3482067449949682 5.664943332703843e-06 0.005035247460007668 0.008155491948127747
286 0.3488655546680093 5.9781990967167075e-06 0.005253038346767425 0.008128078728914261
287 0.35046711284667253 5.774937508249423e-06 0.0050226148813962935 0.007769475653767586
288 0.3482439136132598 5.742166831623763e-06 0.005015538580715656 0.008264586105942726
289 0.3488550349138677 5.890304400963941e-06 0.005154227703809738 0.00812189221382141
290 0.3488584738224745 5.584273858403321e-06 0.004972918190062046 0.007813516408205032
291 0.34854711359366775 5.887220063414134e-06 0.0051580630838871004 0.007753257155418396
292 0.3483441546559334 5.5930899907252755e-06 0.004951422818005085 0.007833643183112145
293 0.3481939840130508 5.589248612523079e-06 0.004930118553340435 0.0077954863011837
294 0.34822917403653264 5.803331523566158e-06 0.005108337208628654 0.007871681079268455
295 0.3482275949791074 5.927731704105099e-06 0.005124451294541359 0.007782503925263882
296 0.3489541239105165 5.777045439572248e-06 0.005023491770029068 0.007943059839308262
297 0.35022157430648804 6.389063587448618e-06 0.005312372267246246 0.007800797522068023
298 0.34880266478285193 5.510365699592512e-06 0.004945027969777584 0.007928759083151818
299 0.3480315743945539 6.226764858183742e-06 0.00524089864641428 0.00830971121788025
300 0.3490082840435207 5.08993322000606e-06 0.00474259202927351 0.007697820365428924
301 0.3479448347352445 5.058608480794646e-06 0.004746487744152546 0.007782778218388558
302 0.3483762335963547 5.09761401644937e-06 0.00473068705201149 0.007680611126124859
303 0.3483926448971033 5.444383632493555e-06 0.004946116030216217 0.007722393050789833
304 0.34732860466465354 5.302687727635203e-06 0.004977048419415951 0.00811081137508154
305 0.3473128550685942 5.173988301976351e-06 0.0048157392218708996 0.0077648934721946715
306 0.34772892389446497 5.055947854089027e-06 0.004747214734554291 0.007753951288759708
307 0.3476756848394871 5.066015664851875e-06 0.004715385176241398 0.007667621895670891
308 0.3483664942905307 5.03041857655262e-06 0.004678629167377948 0.007828102745115757
309 0.348855122923851 5.136656659487926e-06 0.004768162831664085 0.007897544018924237
310 0.34888328379020095 5.2009186538271025e-06 0.004782932296395302 0.007741740234196186
311 0.34921562392264605 5.1139700008207005e-06 0.00477098448574543 0.00767299946397543
312 0.348089633975178 5.056410209363094e-06 0.004751444801688195 0.007704839259386063
313 0.3485137349925935 5.033312008890789e-06 0.00469024571031332 0.007769080847501755
314 0.34759716410189867 4.987087486370001e-06 0.00468967617303133 0.00770563967525959
315 0.3493500240147114 4.972643714609148e-06 0.004689985871315003 0.007773965187370777
316 0.34820116497576237 5.1599161361082225e-06 0.00479432637244463 0.007667036354541778
317 0.34819386433809996 5.1100418477290074e-06 0.004714495055377483 0.007728026956319809
318 0.3493318040855229 5.34697802777373e-06 0.004929165318608284 0.007645553089678288
319 0.3485084348358214 4.90002859805827e-06 0.004668899908661843 0.007835914939641952
320 0.3486253349110484 5.053424447396538e-06 0.004706507675349712 0.007760038860142231
321 0.3484233538620174 5.251079392110114e-06 0.004904888354241848 0.007794872671365738
322 0.34824464470148087 4.965871135027555e-06 0.004670061096549034 0.007751057744026184
323 0.34803640423342586 4.907591262508504e-06 0.004646101072430611 0.007666763253509999
324 0.34753422485664487 4.91917587169155e-06 0.004657982654869557 0.0076122133061289786
325 0.34736466500908136 4.8288826337739014e-06 0.004643222324550152 0.007933916971087456
326 0.34755929512903094 5.133712502356502e-06 0.004760365135967732 0.007716837488114834
327 0.3493898343294859 5.065691443633113e-06 0.00475938343256712 0.007645874060690403
328 0.34974495274946094 5.126790779286239e-06 0.0047306459844112395 0.007641647569835186
329 0.3475528950802982 5.016025597797124e-06 0.004716801054775715 0.007759424224495888
330 0.3491680440492928 5.294460611366958e-06 0.004810760326683521 0.007711326219141484
331 0.3482141951099038 5.017545886403241e-06 0.004702330373227597 0.007697871699929237
332 0.34791130386292934 5.169760584067262e-06 0.004751708030700684 0.007926885262131691
333 0.34931232407689095 4.886310607616906e-06 0.004688494987785816 0.007670588009059429
334 0.3507710131816566 5.031589334976161e-06 0.004708642460405826 0.007891024500131606
335 0.3484907648526132 5.104373062749801e-06 0.004806442737579346 0.007649967297911644
336 0.34893446415662766 4.988905620848527e-06 0.004693005934357643 0.0076128215342760085
337 0.3487179637886584 5.091638508929464e-06 0.0047284201234579085 0.007671121135354042
338 0.3483489351347089 5.012011010876449e-06 0.004721444681286812 0.007647953629493713
339 0.34840948367491364 5.05768085076852e-06 0.0047890786305069925 0.007699661925435066
340 0.3487438643351197 5.028488487823779e-06 0.004734063871204853 0.00789529774338007
341 0.3486772747710347 5.165065756500553e-06 0.004850239932537079 0.007628718055784702
342 0.34799346420913935 5.31189160028589e-06 0.0049606698974967 0.007927519343793392
343 0.3478094250895083 4.974463136022677e-06 0.004766822412610054 0.007743607088923454
344 0.34757602494210005 4.951170021740836e-06 0.004690159872174263 0.007690031751990318
345 0.3483163141645491 4.85437838051439e-06 0.004622541397809982 0.007674429602921009
346 0.34771333495154977 5.0203405135107455e-06 0.004699587039649487 0.007687772810459137
347 0.34785677399486303 4.9121376287075695e-06 0.004666384447365999 0.007660644128918648
348 0.34758429508656263 5.088845314276113e-06 0.004831148386001587 0.00788176417350769
349 0.34863184532150626 5.104925685373019e-06 0.004768570281565189 0.007656709924340248
350 0.3478004550561309 4.6747222904741645e-06 0.004535617753863335 0.007756990641355515
351 0.34781771479174495 4.636590638256166e-06 0.004523413952440023 0.007549172863364219
352 0.3484459142200649 4.700223473719234e-06 0.00457195333763957 0.007612543813884258
353 0.3493219339288771 4.660000602143555e-06 0.0045132537223398685 0.007709313519299031
354 0.3483144547790289 4.6350410707418634e-06 0.004531235255300999 0.007655219733715057
355 0.3475838340818882 4.703796407738991e-06 0.004586699422448873 0.007623314373195172
356 0.34789618477225304 4.746763361254125e-06 0.004600346259772778 0.007596458345651627
357 0.3473680051974952 4.673606395044772e-06 0.0045463618263602255 0.007620011642575264
358 0.34770891489461064 4.666370768973138e-06 0.004527070015668869 0.007604689784348011
359 0.3471803548745811 4.687099417424178e-06 0.004563352130353451 0.007617065161466599
360 0.34744929522275925 4.735197117042844e-06 0.004553625658154488 0.007757645845413208
361 0.34785722428932786 4.665243277486298e-06 0.004519161276519299 0.007609253749251366
362 0.3475594250485301 4.617260151462687e-06 0.004515154752880335 0.007625996768474579
363 0.34760758513584733 4.669607342293603e-06 0.004523745439946651 0.007972873896360397
364 0.34714633459225297 4.760994474963809e-06 0.004607444643974304 0.007746453732252121
365 0.3488046242855489 4.779714950018388e-06 0.004615262050181627 0.008034344203770161
366 0.3477944149635732 4.742340579468874e-06 0.004579198576509952 0.007624611966311931
367 0.34778345515951514 4.647566076982912e-06 0.004530071966350078 0.007659862637519836
368 0.3483662339858711 4.631636074918788e-06 0.004513433948159218 0.007780109122395515
369 0.34805459482595325 4.7145312828433815e-06 0.004558850783854723 0.007674146369099617
370 0.348814754281193 4.681679372424696e-06 0.004556200828403235 0.0076658355444669726
371 0.34839745378121734 4.583646459650481e-06 0.004496208235621453 0.007570361271500587
372 0.3491300540044904 4.655476600419206e-06 0.00453175900131464 0.007712590210139751
373 0.3483208450488746 4.604585731158295e-06 0.004525597482919693 0.0076160946115851405
374 0.34857143415138125 4.617877395958203e-06 0.004545530125498772 0.007597227096557618
375 0.3492293441668153 4.70075241082668e-06 0.004535478793084621 0.007633942924439907
376 0.35101946303620934 4.601506864219118e-06 0.004507421016693115 0.007552176080644131
377 0.35008919378742576 4.771312903812941e-06 0.004627816405147314 0.007691244892776013
378 0.3488029739819467 4.640089900931343e-06 0.004518344897776842 0.007562313340604305
379 0.3507483131252229 4.61725589048001e-06 0.0045082344561815264 0.007671979293227196
380 0.34842498414218426 4.627046187124506e-06 0.004543222673237324 0.007552425190806389
381 0.3504851842299104 4.645685680770839e-06 0.004565178252756596 0.007590649537742138
382 0.3488813638687134 4.659688434003329e-06 0.004536610268056393 0.007740070410072804
383 0.34850903507322073 4.630378184629081e-06 0.004537594266235828 0.007580813094973564
384 0.3487200140953064 4.68205252673215e-06 0.00451205001026392 0.007619537636637688
385 0.3489234843291342 4.595059440362093e-06 0.004503009036183357 0.007558647431433201
386 0.3487740741111338 4.5533875072578665e-06 0.004501154750585556 0.007626252956688404
387 0.34890006482601166 4.6077741103545126e-06 0.004521661199629307 0.0075416421145200726
388 0.34846300492063165 4.568945969367632e-06 0.004505072679370642 0.007699783816933632
389 0.35015227273106575 4.583759214256133e-06 0.0045106988735497 0.0075957116112113
390 0.34847091510891914 4.559812452953338e-06 0.004499442227184772 0.007630739249289036
391 0.3485983940772712 4.564289461086446e-06 0.0045024633780121805 0.007574719004333019
392 0.34863827424123883 4.673327719046938e-06 0.004595201909542084 0.0075785528495907785
393 0.34964725375175476 4.687639607254823e-06 0.004592433638870716 0.007549325227737427
394 0.349558443762362 4.546434986423265e-06 0.00448702809214592 0.007620067819952964
395 0.3488445240072906 4.54650274150481e-06 0.004489894621074199 0.007705118097364902
396 0.3486117939464748 4.575026134716609e-06 0.004499819047749042 0.007532771155238152
397 0.34914675494655967 4.554795791591459e-06 0.004511018022894859 0.007556306831538677
398 0.3489097938872874 4.680446395468607e-06 0.004541659273207188 0.007721723653376102
399 0.3496059039607644 4.59659427178849e-06 0.004564788363873959 0.007622512094676495
400 0.3492228742688894 4.475273267416924e-06 0.004473011307418347 0.007623688243329525
401 0.34872357407584786 4.55329603937571e-06 0.004459113005548716 0.007655204236507416
402 0.34811433404684067 4.523889008396509e-06 0.004469592463225126 0.00754105132073164
403 0.34931168472394347 4.468042311600584e-06 0.004445935539901256 0.007558292336761951
404 0.3481747740879655 4.43422169837504e-06 0.004431996829807759 0.007567040100693703
405 0.34884185437113047 4.447871756383392e-06 0.004439482934772968 0.007591790333390236
406 0.34815311525017023 4.455213238543365e-06 0.0044285309612751 0.007561154775321484
407 0.3500267742201686 4.435870941961184e-06 0.004419580649584532 0.007510604187846184
408 0.3492142232134938 4.439582403392705e-06 0.004421091422438622 0.007549467757344246
409 0.3487106836400926 4.470819608286547e-06 0.004440172530710697 0.007670265808701515
410 0.348878163844347 4.4516119828585944e-06 0.004441954437643289 0.007576890699565411
411 0.34801288414746523 4.418891480781895e-06 0.004425477523356676 0.007528036683797836
412 0.3481089239940047 4.4845908178103855e-06 0.0044385796636343 0.007524604350328446
413 0.34799511497840285 4.464090081910399e-06 0.0044429049715399745 0.007571355737745762
414 0.3478205748833716 4.462612153020018e-06 0.004446928173303604 0.007578277811408043
415 0.34867477463558316 4.440280026756227e-06 0.004426806330680847 0.007554545551538467
416 0.3487626137211919 4.434388956724433e-06 0.004414162032306194 0.007578018940985203
417 0.34944099420681596 4.4166711495563506e-06 0.0044220338016748425 0.007606916800141334
418 0.34915621438995004 4.494719466947572e-06 0.004478745922446251 0.007701239325106144
419 0.3487528539262712 4.4435364134187694e-06 0.004452172033488751 0.00748733751475811
420 0.3484565350227058 4.407357582749683e-06 0.004410801187157631 0.007623098492622375
421 0.3489861339330673 4.4279961230131445e-06 0.004439843419939279 0.007573239021003247
422 0.34842859394848347 4.372674625301442e-06 0.00440088776871562 0.007663892880082131
423 0.34758651489391923 4.425394490681356e-06 0.004410757340490818 0.007564236633479595
424 0.35003682412207127 4.452617665720027e-06 0.004441317949444056 0.007571335248649121
425 0.35133037297055125 4.42040819734757e-06 0.00441969458013773 0.007528157271444798
426 0.3491219636052847 4.438712985574966e-06 0.004421908710151911 0.0076392083242535595
427 0.3508303025737405 4.484150058488012e-06 0.004448469176888466 0.007532717026770115
428 0.3498896942473948 4.46068534756705e-06 0.004439824499189854 0.007527045495808124
429 0.34890759363770485 4.3913341073675834e-06 0.004411696866154671 0.007627258449792862
430 0.35012240381911397 4.419926535774721e-06 0.004429933357983828 0.00759083092212677
431 0.3485344843938947 4.421819526214677e-06 0.004416801564395428 0.00751195952296257
432 0.34858145378530025 4.441474468421802e-06 0.004424722008407116 0.007571742571890354
433 0.3489211038686335 4.436894305399619e-06 0.004429643414914608 0.007511352449655533
434 0.3490803739987314 4.414277577780013e-06 0.004420204613357783 0.0075343918800354
435 0.3485755152069032 4.47856300525018e-06 0.004454615011811256 0.007557750046253205
436 0.348944203928113 4.448483900887368e-06 0.004425602421164513 0.007502830438315868
437 0.34828520379960537 4.401789415169332e-06 0.004402879271656275 0.007505894377827644
438 0.3494219849817455 4.410874853419955e-06 0.00443427873402834 0.007544693499803543
439 0.3489545341581106 4.399998504140967e-06 0.004418771576136351 0.007559534199535847
440 0.34956575417891145 4.524166986357158e-06 0.00447583869844675 0.007610580064356327
441 0.3497182629071176 4.447147853170464e-06 0.00445188320055604 0.007518571354448795
442 0.3489352026954293 4.400605309911043e-06 0.00441951771825552 0.007581678479909897
443 0.34897247375920415 4.4177529343869535e-06 0.0043968061357736584 0.007554527334868908
444 0.3499252642504871 4.411281424836488e-06 0.004420842364430427 0.007548805326223373
445 0.3485106253065169 4.431821571415639e-06 0.004413851529359817 0.007547232694923878
446 0.34945789398625493 4.426007494657824e-06 0.004434854701161384 0.007525658421218395
447 0.3493632744066417 4.445293836852216e-06 0.004431275807321071 0.007534749060869217
448 0.34944219421595335 4.3961941037196085e-06 0.0044090236946940425 0.007536670602858067
449 0.35003575263544917 4.426755936037807e-06 0.004394163053482771 0.007667860649526119
450 0.34977570408955216 4.381568105600309e-06 0.004406552478671074 0.007547527179121971
451 0.34912305418401957 4.345622478467704e-06 0.004378593578934669 0.007539428472518921
452 0.34928258415311575 4.330132230734307e-06 0.004369930662214756 0.0075044848397374155
453 0.3484906847588718 4.335972248554754e-06 0.004388228885829449 0.007542181499302387
454 0.3487823740579188 4.343538298599015e-06 0.00437250904738903 0.007535336352884769
455 0.3488903143443167 4.320796842876007e-06 0.004366865616291762 0.007522001899778843
456 0.34856812423095107 4.32377508332138e-06 0.004377921283245087 0.007527398131787777
457 0.34864823380485177 4.3393281021053554e-06 0.004375876221805811 0.007528121024370194
458 0.34883907390758395 4.322536967720225e-06 0.004373409949243069 0.007539644464850425
459 0.3510419731028378 4.346491023170529e-06 0.004372130624949932 0.007577830925583839
460 0.3489476339891553 4.359952142749534e-06 0.004387494295835495 0.007537099868059159
461 0.3485401850193739 4.3179237763979476e-06 0.004374023001641035 0.007560928724706173
462 0.3484291839413345 4.356041861228732e-06 0.004384422805160284 0.007507029287517071
463 0.34793303487822413 4.330338124418631e-06 0.004369605004787445 0.0074818643927574155
464 0.348752673715353 4.316117679081799e-06 0.004370678052306175 0.007498972117900848
465 0.34814003482460976 4.307626259105746e-06 0.004356290586292744 0.007489922642707825
466 0.34911776473745704 4.370685705907817e-06 0.00439915631711483 0.007545279674232006
467 0.34809971507638693 4.325811453327333e-06 0.004369391825050115 0.007556481100618839
468 0.3487150752916932 4.33090631986488e-06 0.0043628054112195966 0.007555213458836078
469 0.3480180739425123 4.3364790849409476e-06 0.004375644035637379 0.007586524151265621
470 0.34924606373533607 4.341660087447963e-06 0.004371251437813043 0.007503257654607296
471 0.3481620349921286 4.317841285228497e-06 0.0043600906915962695 0.007508981227874756
472 0.348809233866632 4.337316213423037e-06 0.004361716821789741 0.007541425600647926
473 0.3508315528742969 4.34502332836928e-06 0.004378956578671932 0.007538971789181233
474 0.3509031436406076 4.326147723077156e-06 0.0043854741305112835 0.0074938154220581055
475 0.35070218285545707 4.362839890745818e-06 0.004381049498915672 0.007501224204897881
476 0.34930284414440393 4.340961404523114e-06 0.004373370807617903 0.007504933290183544
477 0.35063241282477975 4.318603532738052e-06 0.004358248267322779 0.007508566677570343
478 0.34796938486397266 4.333802860401193e-06 0.004367849361151457 0.007507947161793709
479 0.34959636395797133 4.338484604886616e-06 0.004368504397571087 0.00749443419277668
480 0.349072044249624 4.326235530243138e-06 0.004364175260066986 0.007506217919290066
481 0.3486247039400041 4.349713303781755e-06 0.004367215137928725 0.007545988745987415
482 0.34860585490241647 4.324020669628226e-06 0.004382007606327534 0.007508702278137207
483 0.34831690415740013 4.321674900893413e-06 0.004376568395644426 0.007576551400125027
484 0.3478727051988244 4.323360710714041e-06 0.004377521947026253 0.007617396861314773
485 0.3484236439689994 4.366370403658948e-06 0.004376569606363774 0.007506191171705723
486 0.34811802534386516 4.330338861109339e-06 0.004363690782338381 0.0074911052361130714
487 0.3489785040728748 4.306803550662152e-06 0.004360661156475544 0.007537381947040558
488 0.3481067749671638 4.311004365717963e-06 0.00436312523111701 0.007519914619624615
489 0.34787395503371954 4.3375663085498675e-06 0.004376881331205368 0.007539299018681049
490 0.3483237139880657 4.326615239733655e-06 0.004360460862517357 0.007566976696252823
491 0.348320493940264 4.325481697833311e-06 0.004365415949374438 0.007478956542909146
492 0.3491338826715946 4.304710187170713e-06 0.0043695329874753955 0.007511681020259857
493 0.3483733651228249 4.365289878478507e-06 0.004400337748229503 0.007566958554089069
494 0.3485488439910114 4.320518905842619e-06 0.004365127958357334 0.00752947349101305
495 0.3489126949571073 4.306396426727588e-06 0.0043596775755286215 0.007499776035547257
496 0.34815008426085114 4.334657255640195e-06 0.004375155437737703 0.007521745674312115
497 0.3484679451212287 4.322153899920522e-06 0.004378156930208206 0.007501595318317413
498 0.350250783842057 4.3283938680360736e-06 0.004370428550988435 0.007528628185391426
499 0.34880225406959653 4.319944712278811e-06 0.00436588216945529 0.0076110102981328965
