Epoch  Time  Train MSE  Train L2  Test L2 
0 0.6756823011673987 0.11309645473957061 0.6704900979995727 0.42215049266815186
1 0.3500015949830413 0.04028768666088581 0.3846730628013611 0.32607895851135255
2 0.34893119521439075 0.020475922357290982 0.28814416790008546 0.2502403116226196
3 0.3474878049455583 0.01419292657636106 0.24096220898628234 0.22404378175735473
4 0.348369806073606 0.009218964343890548 0.1944105372428894 0.1699750006198883
5 0.3473772150464356 0.006743068192154169 0.16782852816581725 0.1545652675628662
6 0.3484729160554707 0.0052032345766201615 0.1461626479625702 0.12764866828918456
7 0.3495071539655328 0.004024647986516357 0.12626179027557374 0.11936096668243408
8 0.34837903501465917 0.003481257411185652 0.11726559174060822 0.111673002243042
9 0.3501075846143067 0.002965868746396154 0.10765492677688598 0.09954200446605682
10 0.348645375110209 0.002464462814386934 0.09602105033397675 0.09017695009708404
11 0.35013311402872205 0.0022671953053213655 0.0921605943441391 0.08936798572540283
12 0.34935118490830064 0.0021803379012271763 0.09252198767662048 0.08434790372848511
13 0.3474828749895096 0.0018270910950377584 0.08196482896804809 0.08637405753135681
14 0.3483950961381197 0.001680351629620418 0.0794220359325409 0.07763943254947663
15 0.3483311850577593 0.0017210410302504898 0.08122086262702942 0.06865425646305084
16 0.3476906749419868 0.001526565400417894 0.07657205581665039 0.07082041084766388
17 0.3483165348879993 0.0013448438607156278 0.07102872812747955 0.07207475662231445
18 0.34805347537621856 0.0011784345214255155 0.06646308231353759 0.07076366186141968
19 0.34830245468765497 0.0012113586702616884 0.06858278656005859 0.07039452135562897
20 0.347747266292572 0.001247354777297005 0.07001698648929595 0.06266465723514557
21 0.34893541503697634 0.0010124172794166953 0.062487607717514035 0.0635422396659851
22 0.3479453749023378 0.0010492214624537154 0.06257866144180298 0.060946832299232485
23 0.347618845757097 0.0008532940410077572 0.057573456406593324 0.05915995240211487
24 0.3487542546354234 0.0008923608227632939 0.0586375338435173 0.05841750741004944
25 0.3484609047882259 0.0009128291101660579 0.06133781385421753 0.057277514934539794
26 0.3471895162947476 0.0009033707960043102 0.06262029105424881 0.062461681962013245
27 0.3487362554296851 0.0007883534615393728 0.0570307405591011 0.05763514995574951
28 0.34800721472129226 0.0006753779546124861 0.05229824876785278 0.05969701886177063
29 0.3471537260338664 0.0006962082331301644 0.054362463355064394 0.05173204392194748
30 0.3479144750162959 0.0006415046408073977 0.05268078863620758 0.0557522314786911
31 0.34680134570226073 0.0006287306360900402 0.050668656945228575 0.05213593035936356
32 0.34796374617144465 0.0005693690641783177 0.048233547508716584 0.056883382201194765
33 0.3469395558349788 0.000628694448096212 0.05107523041963577 0.04953240901231766
34 0.34803867479786277 0.000526060315896757 0.047159568309783934 0.050428873896598815
35 0.3479036558419466 0.0005545317888027057 0.049105340719223026 0.050814366936683654
36 0.35061702504754066 0.000583118227077648 0.05123076993227005 0.05081181228160858
37 0.34907672414556146 0.0007263062347192317 0.05597528403997421 0.04866155207157135
38 0.34889404382556677 0.0005052393398364075 0.04744980263710022 0.04794082671403885
39 0.34943990502506495 0.0004788777872454375 0.04510326474905014 0.04881149858236313
40 0.3490965752862394 0.0005381796346046031 0.049092755496501925 0.0467302930355072
41 0.3479770850390196 0.000570816118561197 0.04907731837034225 0.05346623569726944
42 0.3482801057398319 0.000520370106678456 0.047518827676773075 0.042847938537597656
43 0.3477687449194491 0.0005300172168062999 0.04907717317342758 0.050356690287590024
44 0.3481270452030003 0.0004316742980154231 0.042888938724994656 0.042846564948558805
45 0.3486407548189163 0.00040846275573130697 0.0415548557639122 0.040827689468860624
46 0.34657239681109786 0.00036165339290164414 0.03930045533180237 0.04933190733194351
47 0.3490896252915263 0.0005065717149409465 0.046201533794403074 0.038887980282306674
48 0.3469672161154449 0.0003449464213917963 0.038157123804092405 0.041602041423320774
49 0.34717599488794804 0.0004547840170562267 0.04587810659408569 0.053643276691436766
50 0.34870834508910775 0.0002969794865930453 0.03620309025049209 0.03807780355215073
51 0.34688952611759305 0.0002320442537893541 0.032615245938301084 0.03680033385753632
52 0.3467716961167753 0.00023486286168918015 0.032469233810901645 0.03618205845355987
53 0.3465539263561368 0.0002606227510841563 0.03391815578937531 0.038029803335666655
54 0.34816719591617584 0.00021281946086673998 0.030857962012290956 0.036364115476608276
55 0.3464553467929363 0.00023373961463221348 0.032364868342876434 0.03489254891872406
56 0.3475062055513263 0.0002007559980847873 0.03019067233800888 0.03560751527547836
57 0.3484441852197051 0.00019741678901482373 0.029681609094142913 0.035829179883003236
58 0.34615242574363947 0.0002051194422529079 0.030505378007888793 0.037024289071559906
59 0.34664086578413844 0.00019800849215243944 0.030387971192598343 0.0336067795753479
60 0.34795574471354485 0.00018614923086715862 0.028873810112476347 0.03310983628034592
61 0.3472634255886078 0.00020493027346674353 0.031144961982965468 0.03661347806453705
62 0.3463553860783577 0.0001980561473465059 0.030047714620828628 0.04024526685476303
63 0.3481357451528311 0.00020572008870658464 0.03088190758228302 0.031383292973041536
64 0.34661747701466084 0.0001881000481080264 0.029867498219013213 0.03287047654390335
65 0.3471403853036463 0.00018969845114042984 0.029056132346391678 0.0330370482802391
66 0.34681663615629077 0.000207592892984394 0.030705589354038238 0.0415305095911026
67 0.34847911540418863 0.00018088275799527765 0.02866923651099205 0.03259221404790878
68 0.34674640698358417 0.0001734896625566762 0.02827860787510872 0.03214249700307846
69 0.347188635263592 0.00018631254773936233 0.02987332946062088 0.031281176507472995
70 0.34798309626057744 0.00020190984010696412 0.030067168772220612 0.03261197060346603
71 0.3464293163269758 0.0001738211585325189 0.02863372814655304 0.03328498780727387
72 0.34735089633613825 0.00017831856923294253 0.028944127231836318 0.03350432485342026
73 0.3480569259263575 0.00016125563415698708 0.027517415791749954 0.031839205622673034
74 0.34665395598858595 0.00016726879606721924 0.027821802616119384 0.02920522227883339
75 0.347040506079793 0.000163486608362291 0.027659472972154618 0.03184406965970993
76 0.34770221496000886 0.0001761439023539424 0.028966336995363235 0.032256799042224886
77 0.3468260960653424 0.00017902448031236417 0.028728377699851988 0.03079517900943756
78 0.3470796961337328 0.00014926165022188798 0.026599793046712877 0.030326181054115296
79 0.34789547603577375 0.0001509023705148138 0.026864723175764084 0.030843403339385986
80 0.3469406762160361 0.00016340862537617796 0.027162879049777985 0.031351288855075835
81 0.3465864956378937 0.0001595056537189521 0.027223014652729034 0.031217506527900694
82 0.3466599863022566 0.00017488530284026638 0.029315329909324644 0.035872122943401336
83 0.3494914467446506 0.0001611905042955186 0.02726096525788307 0.030644267797470093
84 0.34846068639308214 0.00014585631390218623 0.02635010588169098 0.029841877222061157
85 0.3496943851932883 0.00013768141900072806 0.025634173214435577 0.030157502591609955
86 0.34990291483700275 0.00014754626172361896 0.026808330059051512 0.02791740119457245
87 0.34950930485501885 0.00014045784977497532 0.02545712333917618 0.0302815780043602
88 0.3487180359661579 0.00013160030212020502 0.025256870210170746 0.03188617706298828
89 0.3476552958600223 0.00014482772603514605 0.026149503529071808 0.0345003792643547
90 0.3483586460351944 0.00013891257694922387 0.025521755754947664 0.029063364118337633
91 0.3507217848673463 0.00015747008874313905 0.026974394500255586 0.029907940924167632
92 0.34903818601742387 0.00013051499117864296 0.024890019059181215 0.02891161173582077
93 0.34857479576021433 0.000132467488583643 0.025077929615974427 0.03331704765558243
94 0.3483961159363389 0.00012864853779319673 0.024450809955596925 0.03059439152479172
95 0.35025088489055634 0.00012523125609732234 0.02399609583616257 0.02970034450292587
96 0.34865874610841274 0.00014069560129428282 0.025780398368835448 0.03089844971895218
97 0.34847726579755545 0.0001366879403940402 0.02551286518573761 0.03231440871953964
98 0.3487561661750078 0.00015863398104556836 0.026850939273834227 0.03254215568304062
99 0.34844810608774424 0.00012245523954334202 0.0238745718896389 0.028810375034809113
100 0.34814452566206455 9.723325580125675e-05 0.021346320897340773 0.02751988187432289
101 0.3485696860589087 8.837370238325093e-05 0.020651440262794495 0.025807905942201614
102 0.34859452582895756 8.365773268451449e-05 0.02025991714000702 0.025748486071825026
103 0.34785883594304323 8.41204114840366e-05 0.020138290882110596 0.027336235791444778
104 0.3478758865967393 9.337978932308033e-05 0.021170892626047134 0.025133336186408995
105 0.34701753687113523 8.205322730646003e-05 0.020016920894384383 0.02525413379073143
106 0.34771429700776935 7.83076789957704e-05 0.019633231282234192 0.02578063100576401
107 0.3474453059025109 7.600062512210571e-05 0.019435781866312028 0.024732496589422226
108 0.34826820623129606 7.629476152942516e-05 0.019556094974279403 0.02525037735700607
109 0.34775295620784163 7.691632687055972e-05 0.019475297957658767 0.02598509579896927
110 0.3483494259417057 7.773424411425367e-05 0.019454305529594422 0.02523353561758995
111 0.3485758970491588 8.511377636750694e-05 0.0201974740922451 0.027751981019973754
112 0.34764814702793956 7.847275519452523e-05 0.01962518885731697 0.02593830183148384
113 0.349109775852412 8.025565104617271e-05 0.019524562984704973 0.026099930852651596
114 0.34787721699103713 7.953290230943821e-05 0.019776691287755967 0.026163678616285324
115 0.34871974494308233 7.398700385238045e-05 0.019350031852722167 0.026738604605197905
116 0.34839532570913434 8.298850763821975e-05 0.020231450527906418 0.02618590459227562
117 0.34927608584985137 7.54040211904794e-05 0.019606501907110215 0.0254930579662323
118 0.34945358522236347 7.795551493472886e-05 0.019701213657855987 0.025363498479127885
119 0.34882452618330717 7.017705880571156e-05 0.018698671489953994 0.023990699350833894
120 0.34912569634616375 7.166920018789824e-05 0.018827099561691284 0.023904769122600554
121 0.34909026604145765 7.646189544175286e-05 0.01942132768034935 0.02383605033159256
122 0.34871017513796687 7.208639712189325e-05 0.01897542488574982 0.02446565017104149
123 0.3483678661286831 7.677156063436996e-05 0.019681485921144486 0.025075519829988478
124 0.34950527595356107 8.103867461613846e-05 0.020141222298145293 0.02454836219549179
125 0.34932935470715165 7.544720872829203e-05 0.019664255142211914 0.027200476676225663
126 0.3483340460807085 8.889250028005336e-05 0.021058283537626267 0.02454921692609787
127 0.34877162612974644 7.566913576738443e-05 0.019143588542938232 0.02535835176706314
128 0.3486305857077241 6.49199359031627e-05 0.018104851931333543 0.026374420672655104
129 0.3492287560366094 7.028649248240982e-05 0.0188284755051136 0.024860671311616896
130 0.3501179050654173 7.479218613298144e-05 0.019338935315608978 0.02436707988381386
131 0.349530226085335 7.418462031637318e-05 0.01884928223490715 0.025533360540866853
132 0.34920157492160797 6.682796411041635e-05 0.01815327802300453 0.02334989234805107
133 0.3489187662489712 8.378057507798076e-05 0.020573893934488295 0.023787585496902467
134 0.3507311949506402 8.609073920524679e-05 0.020701845079660417 0.02346573770046234
135 0.3518736041150987 6.830020152847283e-05 0.018404315769672393 0.023951769173145294
136 0.3490041261538863 7.066950296575669e-05 0.018750514060258867 0.024280658811330794
137 0.35044016502797604 7.20773491775617e-05 0.01902363258600235 0.023450140804052354
138 0.3482965659350157 6.59984190860996e-05 0.01796587771177292 0.024245471507310868
139 0.35041695507243276 7.005027029663324e-05 0.018850565552711487 0.025884366780519485
140 0.3489220659248531 7.436051666445564e-05 0.019259356528520583 0.023897882848978043
141 0.3495786562561989 6.936075587873347e-05 0.01862348771095276 0.027075401544570922
142 0.34768294589594007 7.193135730631184e-05 0.019020161241292955 0.024154157489538194
143 0.34820616617798805 6.231198298337404e-05 0.0175274258852005 0.024053312987089157
144 0.3484367257915437 7.2929277739604e-05 0.019119331270456313 0.023170100152492525
145 0.34843550622463226 6.611255514144432e-05 0.018129793405532838 0.023119632452726364
146 0.34959988575428724 6.12853516213363e-05 0.017476537942886353 0.024211656004190445
147 0.3489319458603859 6.90732885414036e-05 0.018491360366344453 0.023359678834676743
148 0.3482675557024777 6.755231428542175e-05 0.018481789648532868 0.02529609829187393
149 0.3490662658587098 6.602355839277152e-05 0.018239278763532638 0.024036477655172347
150 0.3487177351489663 5.108128920255694e-05 0.016364829272031783 0.023612762242555617
151 0.34893353609368205 4.947689885739237e-05 0.016006805479526518 0.022582090646028518
152 0.3490887959487736 4.5421317699947395e-05 0.015368062049150467 0.02250564530491829
153 0.348319245968014 4.8015878710430116e-05 0.015897406131029128 0.02224417418241501
154 0.3488792758435011 4.7127075340540614e-05 0.015606221944093704 0.02266395092010498
155 0.3484080461785197 4.483483477088157e-05 0.015373116970062255 0.021748526394367217
156 0.3485406362451613 4.37283704377478e-05 0.01510114848613739 0.02181761234998703
157 0.3491708361543715 4.686424756073393e-05 0.015510946363210678 0.0217859947681427
158 0.34886840591207147 4.598274204909103e-05 0.015591060429811478 0.02161868542432785
159 0.35000913590192795 4.485264787945198e-05 0.015343025654554367 0.021738327890634537
160 0.34922274481505156 4.841680605750298e-05 0.016022597193717958 0.02223034352064133
161 0.3489906364120543 4.5037345989840107e-05 0.015335764855146409 0.022399529218673705
162 0.35063611483201385 4.600401760399109e-05 0.015530060648918152 0.021909026503562926
163 0.34966071508824825 4.991242883988889e-05 0.015962552785873413 0.022611484080553055
164 0.3507207650691271 4.545333205896895e-05 0.015532306760549546 0.022154502868652344
165 0.3499385346658528 4.6089175957604314e-05 0.015495196908712388 0.02239934802055359
166 0.3498140862211585 4.7411699124495496e-05 0.015554244816303252 0.021865943223237993
167 0.3500607148744166 4.712639009085251e-05 0.01558595035970211 0.02289900302886963
168 0.34892650600522757 4.496850648138206e-05 0.015385298311710358 0.021912147253751756
169 0.3492594249546528 4.806209512025816e-05 0.015962013483047485 0.02196256920695305
170 0.3478578068315983 4.3447248281154316e-05 0.015163966625928879 0.021544523686170578
171 0.34761488577350974 4.460867210582364e-05 0.015193675875663757 0.022323213517665863
172 0.34891833597794175 4.5182922585809136e-05 0.015368281781673432 0.023101985156536102
173 0.3476784471422434 4.676363183534704e-05 0.015634546890854837 0.021667065024375917
174 0.34790415596216917 4.4266397562751084e-05 0.015059700340032577 0.021941683143377303
175 0.34892915608361363 4.492614694754593e-05 0.015347952634096145 0.021737684160470963
176 0.3478283262811601 4.319472289353143e-05 0.015052554905414581 0.021694882810115813
177 0.34802657598629594 4.3874890398001295e-05 0.015215143710374832 0.02173596724867821
178 0.3486395161598921 4.42420620311168e-05 0.01525889565050602 0.02235077351331711
179 0.3484731363132596 4.248371726134792e-05 0.015003087669610978 0.02220762476325035
180 0.34829437592998147 4.550912675767904e-05 0.01562812441587448 0.021868770569562913
181 0.35014600586146116 4.270894391083857e-05 0.014936380535364151 0.021624478101730345
182 0.34906919533386827 4.543117433058796e-05 0.015334231078624725 0.021501230895519256
183 0.35040831519290805 4.180142579571111e-05 0.014834225952625275 0.022410351932048798
184 0.3498674361035228 4.5947073012939653e-05 0.015581216186285019 0.021470478177070616
185 0.3493254450149834 4.140143832046306e-05 0.014859295934438705 0.021106714904308318
186 0.3533146339468658 4.233861047396204e-05 0.014820143699645997 0.021778166592121125
187 0.3483319659717381 4.170010026427917e-05 0.01481943129003048 0.02161726027727127
188 0.3494384749792516 4.4361622894939504e-05 0.015331246837973595 0.02584069684147835
189 0.3485703063197434 4.784412773005897e-05 0.015827738270163535 0.02189426138997078
190 0.3483499172143638 4.436145107320044e-05 0.015272493809461593 0.021670297831296922
191 0.34822174720466137 4.107102893613046e-05 0.014672411784529686 0.021346100121736527
192 0.34840407595038414 4.207019424939062e-05 0.014892169505357742 0.02227897137403488
193 0.3484738259576261 4.333015123847872e-05 0.015017288953065873 0.022408266961574556
194 0.3485655961558223 4.218313210003544e-05 0.014997135147452354 0.022220853716135025
195 0.34821840608492494 4.39509269563132e-05 0.015324797242879868 0.02186502978205681
196 0.34839740581810474 4.129374996409752e-05 0.014784663900732993 0.02309509366750717
197 0.3488800460472703 4.253856401192024e-05 0.014902912631630898 0.02147696927189827
198 0.34893805626779795 4.125529630982783e-05 0.014885292157530785 0.023816267997026443
199 0.34840629575774074 4.0687334985705094e-05 0.014678222328424454 0.02152897819876671
200 0.3505812147632241 3.500580634863581e-05 0.013742543071508408 0.02117155283689499
201 0.34914151579141617 3.362950577866286e-05 0.013448862269520759 0.02085997149348259
202 0.34994531609117985 3.305591973912669e-05 0.013367390111088753 0.02097511038184166
203 0.3490758859552443 3.385490210348508e-05 0.013574157297611236 0.021297760158777237
204 0.34933330537751317 3.5223671402491165e-05 0.01376144127547741 0.020764890015125274
205 0.34832649677991867 3.420530632865848e-05 0.013554878115653991 0.02071090042591095
206 0.34857069700956345 3.363267085660482e-05 0.013380356088280677 0.02122047692537308
207 0.3490649461746216 3.290294105681824e-05 0.013379506260156632 0.020955892205238344
208 0.3490774058736861 3.4032557632599495e-05 0.013553682193160057 0.02061358243227005
209 0.34879332641139627 3.2571726478636265e-05 0.013256902366876603 0.020787812769412994
210 0.3484723763540387 3.3942338268388995e-05 0.013650848180055618 0.020813739001750944
211 0.348648295737803 3.3018113936122975e-05 0.013285597205162048 0.020619678050279616
212 0.3490762459114194 3.354059081175365e-05 0.013392972573637963 0.02131750851869583
213 0.3486101757735014 3.423601043323288e-05 0.013550826445221901 0.020829368233680725
214 0.34826565627008677 3.356595043442212e-05 0.013464910447597504 0.02104513332247734
215 0.3483071061782539 3.320142237498658e-05 0.01344691875576973 0.02072073519229889
216 0.3476676167920232 3.351092705997871e-05 0.01338954719901085 0.020530650615692137
217 0.34839315712451935 3.39773545783828e-05 0.013569365113973617 0.020810764729976654
218 0.34924892568960786 3.288762276497437e-05 0.013321002379059792 0.02058654710650444
219 0.3489100360311568 3.417820251343073e-05 0.013376004114747047 0.020582336485385894
220 0.34863844607025385 3.348351310705766e-05 0.013418754920363426 0.02069802150130272
221 0.3483189856633544 3.2370772860303984e-05 0.013235261052846909 0.020421730875968932
222 0.34751069685444236 3.176064234139631e-05 0.013054409757256509 0.020512935966253282
223 0.3484766259789467 3.402412010473199e-05 0.013534559190273285 0.020371769219636918
224 0.3492618761956692 3.25121077185031e-05 0.01336091186106205 0.021252152472734452
225 0.34837907599285245 3.2435058456030676e-05 0.013241022124886512 0.020467139929533005
226 0.3478474458679557 3.345324734254973e-05 0.013342165231704712 0.0207118621468544
227 0.3486439259722829 3.4408551910019016e-05 0.013598688274621963 0.02050610452890396
228 0.34979784581810236 3.1973177610780115e-05 0.01314810611307621 0.020294152051210403
229 0.34837320633232594 3.405653220397653e-05 0.013623135671019554 0.020366842001676558
230 0.3486394458450377 3.1929006945574655e-05 0.01310009653866291 0.02047598987817764
231 0.3502102349884808 3.148058331134962e-05 0.013030679151415824 0.020782105177640915
232 0.3507451149635017 3.3500203135190534e-05 0.013479085952043533 0.02075184941291809
233 0.34835939621552825 3.263028193032369e-05 0.01322641633450985 0.02035787418484688
234 0.34954155469313264 3.36728399634012e-05 0.013590132117271423 0.020635741502046584
235 0.3498322060331702 3.137299161608098e-05 0.01299397014081478 0.020516100525856017
236 0.34892657632008195 3.266685474955011e-05 0.013272170767188072 0.020379517078399658
237 0.3512226049788296 3.2180559101107066e-05 0.013213941141963005 0.020723127573728562
238 0.34887000592425466 3.165289581374964e-05 0.012995244279503822 0.020450873672962187
239 0.3488886351697147 3.098267752648099e-05 0.012934242352843284 0.020368755906820298
240 0.3491546059958637 3.1593499552400315e-05 0.013084817424416542 0.020227837115526198
241 0.3491597259417176 3.257976466557011e-05 0.013339199170470238 0.020533148050308227
242 0.35045252507552505 3.1348528318630996e-05 0.013075364589691161 0.02060876801609993
243 0.3497408148832619 3.230100039218087e-05 0.013200036585330963 0.021041770428419114
244 0.35032573575153947 3.209662234439747e-05 0.013127856120467187 0.020488573908805846
245 0.34985437616705894 3.154964178975206e-05 0.013111498847603797 0.0204449263215065
246 0.3515031449496746 3.241373091441346e-05 0.013355702817440033 0.021039280593395233
247 0.35058534517884254 3.1743643994559534e-05 0.013089602708816529 0.02051561713218689
248 0.35028496477752924 3.284022215666482e-05 0.013293855234980584 0.02021725907921791
249 0.3502606051042676 3.054344710108126e-05 0.012928194627165794 0.020213843137025834
250 0.3505466249771416 2.801809871016303e-05 0.012359014242887496 0.02035830795764923
251 0.34959973581135273 2.866468556021573e-05 0.012526069104671479 0.020034433603286744
252 0.3491069357842207 2.7662591783155222e-05 0.012294266164302826 0.020055315643548965
253 0.3493716949597001 2.7798045121016912e-05 0.012334940209984779 0.020214373022317888
254 0.3497433462180197 2.815610059769824e-05 0.01242080244421959 0.020147019773721696
255 0.3505314248614013 2.7446077583590524e-05 0.012275943130254745 0.019988140910863875
256 0.3504442051053047 2.7962752210441976e-05 0.012360603019595146 0.02006413906812668
257 0.349909164942801 2.7569407466216943e-05 0.012273438349366188 0.01999211236834526
258 0.35018576495349407 2.7944881112489383e-05 0.012324391111731529 0.0200714935362339
259 0.3489972557872534 2.7950189869443422e-05 0.012357949197292328 0.02039201810956001
260 0.34849124727770686 2.7628252209979108e-05 0.012286287382245064 0.0200409097969532
261 0.3490659948438406 2.7715686337614896e-05 0.012323333367705346 0.019876763671636582
262 0.3499214560724795 2.769895323581295e-05 0.012324684903025627 0.019935466647148133
263 0.35089974477887154 2.7537079840840307e-05 0.012295791566371918 0.020056812316179274
264 0.3488195948302746 2.7838515652547358e-05 0.012310215532779693 0.02040114551782608
265 0.34950217604637146 2.7457912983663847e-05 0.012232242316007615 0.020064754188060762
266 0.3480767058208585 2.7709211026376578e-05 0.012335685521364211 0.020067787766456603
267 0.3480844567529857 2.7024196133424993e-05 0.012197178155183792 0.020075174421072005
268 0.3485296661965549 2.7430005065980367e-05 0.012265366092324257 0.019882137924432754
269 0.3486706460826099 2.76260491591529e-05 0.01229533013701439 0.020118145644664763
270 0.34849757608026266 2.8007511209580114e-05 0.012287479624152184 0.020110262632369993
271 0.3485059360973537 2.7623668502201325e-05 0.012307018607854842 0.0199558562040329
272 0.34817441599443555 2.7719870522560087e-05 0.012320675730705262 0.020041146129369736
273 0.34870527498424053 2.755328194325557e-05 0.012296744734048843 0.020031788051128388
274 0.34928189497441053 2.7915181053685956e-05 0.012426898315548896 0.019834547638893127
275 0.34872610634192824 2.7066757538705133e-05 0.012186325758695602 0.02024520352482796
276 0.34765590727329254 2.7989647860522383e-05 0.012332434803247451 0.020054853856563568
277 0.34790870593860745 2.753624754404882e-05 0.012256091117858886 0.01993679329752922
278 0.3488223860040307 2.7259418056928554e-05 0.012235410824418067 0.019902553856372834
279 0.35003340477123857 2.7456054631329607e-05 0.01224857546389103 0.019877520203590394
280 0.3496710662730038 2.6837879995582626e-05 0.012149197235703468 0.0198522974550724
281 0.348766605835408 2.68235036128317e-05 0.012158682376146316 0.0200488018989563
282 0.35018032509833574 2.7862829956575296e-05 0.012278437331318856 0.020109098553657532
283 0.3509199349209666 2.666195869096555e-05 0.012114391878247262 0.019814092367887497
284 0.34944185614585876 2.651636295922799e-05 0.01204203163087368 0.01990462988615036
285 0.34982841508463025 2.7425443258835004e-05 0.012269329577684403 0.020066199749708177
286 0.3483863356523216 2.6695670057961252e-05 0.012120367765426635 0.02001301810145378
287 0.34849916584789753 2.7405018554418347e-05 0.012264086946845054 0.019922904074192047
288 0.3487148657441139 2.741343712841626e-05 0.012288081631064415 0.020197801142930984
289 0.3478541970252991 2.672441623872146e-05 0.01209415440261364 0.019845356941223146
290 0.34833128610625863 2.7267290715826675e-05 0.012245546713471413 0.020112032145261763
291 0.3463657973334193 2.714202924835263e-05 0.012212867453694343 0.020147750377655028
292 0.346608875785023 2.7005498886865097e-05 0.012206082239747047 0.02003752440214157
293 0.34908680617809296 2.7346516872057692e-05 0.012307346627116203 0.01990825220942497
294 0.3488126168958843 2.7564024821913336e-05 0.012282351747155189 0.019924479275941848
295 0.3493292760103941 2.7898477856069804e-05 0.012377819493412972 0.020099775046110154
296 0.3483811658807099 2.71047391652246e-05 0.01217575442790985 0.020330936759710313
297 0.3482816759496927 2.77718252982595e-05 0.01247084802389145 0.020437955558300018
298 0.34788417676463723 2.6457378407940268e-05 0.012070512354373931 0.019770195186138154
299 0.34829356614500284 2.688205295271473e-05 0.012179707854986191 0.019809496253728867
300 0.34774184692651033 2.52859880856704e-05 0.011826121225953102 0.019722744226455688
301 0.3485559760592878 2.5273582577938216e-05 0.01181647290289402 0.01993050903081894
302 0.3479733457788825 2.5249804166378454e-05 0.011805909857153893 0.01964808702468872
303 0.3476621671579778 2.5010009157995227e-05 0.01176607170701027 0.019771317839622497
304 0.3478906457312405 2.481510557117872e-05 0.011719355583190918 0.019831044822931288
305 0.3480747868306935 2.4950553161033895e-05 0.011738450929522514 0.019801065325737
306 0.3481806260533631 2.4821980332490057e-05 0.011694730147719384 0.019775115102529526
307 0.3486663759686053 2.5251514452975245e-05 0.011806102961301804 0.019771350920200347
308 0.348004886880517 2.494861175364349e-05 0.01175995971262455 0.01973525196313858
309 0.3478786260820925 2.496010118193226e-05 0.01174930690228939 0.019661906957626343
310 0.34820270584896207 2.4930331273935736e-05 0.011749909743666648 0.019934140890836716
311 0.3477262770757079 2.5216137728421018e-05 0.01181677532196045 0.019741748571395875
312 0.3486157162114978 2.4807078243611614e-05 0.011722647845745086 0.019717154502868654
313 0.3498884248547256 2.505679160094587e-05 0.011754566937685012 0.0197605000436306
314 0.3480114066042006 2.5568691271473653e-05 0.01186650374531746 0.019708227664232254
315 0.34812691574916244 2.5441198267799337e-05 0.011855936661362648 0.01972141057252884
316 0.3484187861904502 2.536673597205663e-05 0.011833983197808266 0.019780007600784303
317 0.3475990369915962 2.477515852660872e-05 0.011736425995826721 0.01970273792743683
318 0.3479846459813416 2.4698096640349833e-05 0.011673028320074082 0.019933474808931352
319 0.3474476272240281 2.5263829356845236e-05 0.011813155561685561 0.019726064503192902
320 0.34822551580145955 2.4852140923030676e-05 0.01172537861764431 0.0195878130197525
321 0.34828442707657814 2.4730971272219904e-05 0.011697222366929055 0.019804139137268067
322 0.3478809669613838 2.5024224087246693e-05 0.011724619016051293 0.019641377180814743
323 0.3484113458544016 2.500898604921531e-05 0.011753126099705696 0.019799523055553436
324 0.34881689585745335 2.4798315607768017e-05 0.011704735741019249 0.019725430756807327
325 0.3481297567486763 2.525050691474462e-05 0.01181374652683735 0.019587730914354326
326 0.3484959458000958 2.4799399598123272e-05 0.011699732825160026 0.019696389436721803
327 0.34974819608032703 2.4792647927824873e-05 0.011679322183132172 0.01963831827044487
328 0.3508574957959354 2.492495386832161e-05 0.01172835673391819 0.019699410647153855
329 0.348491617012769 2.506468037609011e-05 0.011758606612682342 0.019686848968267442
330 0.34943173499777913 2.4779120831226465e-05 0.011683083921670914 0.019737365394830703
331 0.3507120846770704 2.470037874445552e-05 0.011673471555113793 0.019846747666597366
332 0.3482507071457803 2.4706051117391326e-05 0.011677200600504875 0.019705546498298646
333 0.3493229770101607 2.4538734833186028e-05 0.01165255193412304 0.01973409190773964
334 0.34889633674174547 2.4736183331697247e-05 0.011672000944614411 0.019629359245300293
335 0.34902345621958375 2.4739297114138026e-05 0.01168028450012207 0.019739362746477127
336 0.3486277870833874 2.470923325745389e-05 0.011680317670106887 0.01967401385307312
337 0.348032945767045 2.4995181847771162e-05 0.011719527751207352 0.0198451928794384
338 0.34811172634363174 2.501173697964987e-05 0.011763856038451195 0.019630895256996156
339 0.34837704664096236 2.4562042781326455e-05 0.011662197738885879 0.019828706234693527
340 0.34784859605133533 2.472364916684455e-05 0.01167090481519699 0.01962467148900032
341 0.34798690723255277 2.438321433146484e-05 0.011615211591124535 0.019762832671403885
342 0.3478010669350624 2.4620034419058357e-05 0.011627261489629746 0.01967056021094322
343 0.34833756601437926 2.4645702906127555e-05 0.01168174161016941 0.019552185237407683
344 0.34834836702793837 2.4644957557029555e-05 0.011673139825463296 0.019830563217401505
345 0.34776383731514215 2.4489336283295415e-05 0.011621192082762717 0.019701923578977584
346 0.3478426467627287 2.4602810517535543e-05 0.01166933025419712 0.019639997780323028
347 0.34924396593123674 2.446169670292875e-05 0.01165356482565403 0.019610326290130615
348 0.3488751258701086 2.490443552233046e-05 0.01176119627058506 0.01964471161365509
349 0.34800085704773664 2.466093694238225e-05 0.011645786374807357 0.0196619088947773
350 0.34852767596021295 2.403463471637224e-05 0.011541201084852218 0.01951479509472847
351 0.34908250579610467 2.370469121160568e-05 0.01146334420144558 0.01956674113869667
352 0.3483185260556638 2.3838893648644445e-05 0.011508435130119324 0.01952739879488945
353 0.34813859686255455 2.3642851647309727e-05 0.011461261689662933 0.019574300199747086
354 0.3488423158414662 2.379925241257297e-05 0.011472895830869675 0.019718174636363984
355 0.3475033761933446 2.367379622228327e-05 0.011450139254331589 0.019515313357114792
356 0.34800292598083615 2.3738011732348243e-05 0.011492650270462037 0.019517105221748352
357 0.34754909574985504 2.362078354053665e-05 0.011439435213804245 0.01955644950270653
358 0.34776546573266387 2.361243936320534e-05 0.011445062324404717 0.019649634063243868
359 0.34835863718762994 2.3606376016687138e-05 0.011441479936242104 0.019589795619249343
360 0.3480769661255181 2.37972398463171e-05 0.011477514952421188 0.019482089728116988
361 0.3488599960692227 2.3595008860866075e-05 0.011427300527691841 0.01962426006793976
362 0.3485183659940958 2.3705883522779912e-05 0.011454403549432755 0.01959761530160904
363 0.3498851452022791 2.3579306398460175e-05 0.01143679578602314 0.01956322893500328
364 0.3483978770673275 2.3548200260847807e-05 0.011434574797749519 0.019579892307519914
365 0.3477760571986437 2.360252936341567e-05 0.011444125562906264 0.019548354893922804
366 0.3475725972093642 2.3772631466272286e-05 0.01145127595961094 0.01955131024122238
367 0.3484767656773329 2.368701079831226e-05 0.011475356698036194 0.019477477967739104
368 0.34879094641655684 2.3553218634333463e-05 0.011416670992970467 0.01956631600856781
369 0.3477596971206367 2.3560276531497948e-05 0.011417619839310646 0.01946403384208679
370 0.34766023699194193 2.3538777240901255e-05 0.011430959671735763 0.019550473093986512
371 0.3478573961183429 2.3600565764354542e-05 0.011416608408093453 0.019516751617193222
372 0.3487730957567692 2.361068485697615e-05 0.011435418799519538 0.019553635120391846
373 0.3486644458025694 2.376986696617678e-05 0.011456368803977966 0.019738646447658537
374 0.34839804703369737 2.3535424224974123e-05 0.011434212267398835 0.019581541568040848
375 0.34826393565163016 2.3569340992253274e-05 0.011448351338505745 0.01952152535319328
376 0.3501009661704302 2.3668264475418255e-05 0.011456477791070938 0.019472290128469467
377 0.35111223394051194 2.3580022916576126e-05 0.011405318439006806 0.0195073065161705
378 0.34883549716323614 2.3462057433789597e-05 0.011409571766853333 0.019468806833028793
379 0.35194506496191025 2.3661030863877385e-05 0.011433292761445045 0.019491426646709442
380 0.3504093252122402 2.3410060312016867e-05 0.011434128358960152 0.019541128873825073
381 0.348671255633235 2.329006007130374e-05 0.011371995493769646 0.01949711099267006
382 0.3490224960260093 2.3415223713527665e-05 0.011388732075691223 0.01949251562356949
383 0.348042206838727 2.3495489222113976e-05 0.011384329617023467 0.01948047161102295
384 0.34839008562266827 2.3437050003849436e-05 0.011405294895172119 0.019526017606258394
385 0.3485100460238755 2.3467454047931825e-05 0.011385345041751862 0.019479644298553467
386 0.3500674357637763 2.3487862417823635e-05 0.011402088686823846 0.019519143402576447
387 0.35073019471019506 2.3508859740104527e-05 0.011412456646561623 0.019515244662761687
388 0.3490143958479166 2.3354304357781074e-05 0.011373065561056137 0.019480951577425003
389 0.34891447611153126 2.3462636381736956e-05 0.011402955383062362 0.01959278330206871
390 0.3477964261546731 2.377550579694798e-05 0.011482848897576331 0.019547418653964997
391 0.3483297172933817 2.333956344955368e-05 0.011384229436516761 0.019508449733257292
392 0.348423486109823 2.3326944829022976e-05 0.011371370375156403 0.01956978291273117
393 0.34795550582930446 2.3386972661683102e-05 0.011375253051519395 0.01958219662308693
394 0.34761120704934 2.3323680761677678e-05 0.011379250437021255 0.019566325545310972
395 0.34944079630076885 2.3395507014356554e-05 0.011411331295967102 0.019448969811201096
396 0.34772377694025636 2.3361607400147478e-05 0.011393271833658219 0.019510811269283293
397 0.3472329070791602 2.3505428252974525e-05 0.011405872955918312 0.019528075158596038
398 0.34818959701806307 2.336288325750502e-05 0.011376872569322585 0.01945242375135422
399 0.3475463869981468 2.3342012664215872e-05 0.011385276705026627 0.019458535462617874
400 0.34851174615323544 2.29821747780079e-05 0.011295445680618287 0.019465805143117906
401 0.3476838772185147 2.3131857815315016e-05 0.011332813143730164 0.01941462740302086
402 0.3482326869852841 2.2915992412890774e-05 0.011268764361739158 0.01942571043968201
403 0.3489725859835744 2.2903403641976184e-05 0.01127327013015747 0.01948972374200821
404 0.3498323750682175 2.2970787395024672e-05 0.011289535686373711 0.01951216459274292
405 0.3492454569786787 2.3006172741588672e-05 0.0112921841442585 0.019424272924661635
406 0.3483533067628741 2.302157938174787e-05 0.011279883041977882 0.01947393998503685
407 0.3482323563657701 2.297297374752816e-05 0.011289010271430016 0.019498463571071625
408 0.34767412720248103 2.2919141410966404e-05 0.011287037923932075 0.019436528235673906
409 0.34802589612081647 2.2949223421164788e-05 0.011274325028061867 0.019544891268014907
410 0.3479207372292876 2.3030279462545876e-05 0.011332079961895943 0.01951754406094551
411 0.34765105601400137 2.3131775596993974e-05 0.011309033706784249 0.019446494132280348
412 0.34836154617369175 2.2944843003642745e-05 0.011306703940033913 0.019421383887529373
413 0.3476620060391724 2.3086437468009536e-05 0.011317824199795722 0.019414464831352233
414 0.34875899692997336 2.2909243143658385e-05 0.01127342090010643 0.019498417526483534
415 0.34851470589637756 2.299246403708821e-05 0.011290480062365531 0.019422825127840042
416 0.3481487459503114 2.294639027240919e-05 0.011279850244522095 0.019486159682273865
417 0.3479320970363915 2.2956983557378407e-05 0.011279742479324341 0.019473669528961183
418 0.34759329725056887 2.28882467126823e-05 0.011273801654577255 0.019413668364286422
419 0.34803150594234467 2.2986292315181344e-05 0.011300206214189529 0.01942389488220215
420 0.3481693468056619 2.2899606319697343e-05 0.011271218910813332 0.01948304444551468
421 0.3480351958423853 2.283889254613314e-05 0.011267933115363121 0.019433315843343735
422 0.3493959461338818 2.2916548587090802e-05 0.011278896167874336 0.019424494057893753
423 0.34793283697217703 2.2902074288140284e-05 0.01127795696258545 0.019415167421102525
424 0.3481814172118902 2.2910986008355394e-05 0.011278176590800285 0.019463502764701844
425 0.34875136613845825 2.2791054598201298e-05 0.011255996569991112 0.0195065800845623
426 0.3502028058283031 2.2833335606264882e-05 0.011258974269032478 0.019387135505676268
427 0.35113627603277564 2.2854296330478972e-05 0.011262003406882286 0.019483282417058944
428 0.3490085946395993 2.2931857038201998e-05 0.011270491033792495 0.01939412996172905
429 0.3507868959568441 2.2798440913902595e-05 0.011256724774837494 0.019413543790578844
430 0.350571455899626 2.2879793177708053e-05 0.011268826097249985 0.019437566697597504
431 0.3487708456814289 2.2873112193337875e-05 0.011281306505203247 0.019472365081310273
432 0.3502837452106178 2.29171801765915e-05 0.011277878105640411 0.01942631945014
433 0.34914917731657624 2.2865087612444767e-05 0.011261320069432259 0.019524767845869064
434 0.34817194705829024 2.2884218305989635e-05 0.011264434322714805 0.019492453783750533
435 0.3488781563937664 2.28765432984801e-05 0.011262610763311386 0.019416220635175705
436 0.3487500757910311 2.3006056107988115e-05 0.011309105485677718 0.019479585587978365
437 0.3478145473636687 2.2746340255253018e-05 0.011242609456181525 0.019414897114038467
438 0.34780730586498976 2.2961973045312333e-05 0.011275541216135025 0.019475631564855576
439 0.3475767271593213 2.2851199591968907e-05 0.011266396760940552 0.019505662471055986
440 0.3508098251186311 2.2819873029220615e-05 0.0112677953094244 0.019393931180238723
441 0.34916342608630657 2.279604712384753e-05 0.01125216594338417 0.019449510276317597
442 0.34931384585797787 2.276857836477575e-05 0.011246303811669349 0.01947649657726288
443 0.3485388057306409 2.274281065183459e-05 0.011246742263436317 0.019455676227808
444 0.34879515739157796 2.2850981367810163e-05 0.011260624721646309 0.019418090879917145
445 0.3480233261361718 2.278970992847462e-05 0.011242224588990211 0.01941106706857681
446 0.34759401716291904 2.277273961226456e-05 0.011240524753928184 0.019416312128305434
447 0.34799161599949 2.288081457663793e-05 0.011262953534722328 0.019413440227508544
448 0.34962044609710574 2.2699570363329257e-05 0.01122493276000023 0.01938291221857071
449 0.34899804601445794 2.2761044929211492e-05 0.011245030507445335 0.01939102426171303
450 0.3487305059097707 2.255904824778554e-05 0.011192825853824615 0.019469256848096847
451 0.3491879357025027 2.2586455233977176e-05 0.011197583362460137 0.0194712695479393
452 0.3491437961347401 2.25547077752708e-05 0.011196892708539963 0.019405770897865295
453 0.3497683457098901 2.254488746984862e-05 0.011188767671585083 0.019441335052251815
454 0.34964380599558353 2.2574208269361407e-05 0.011194628566503525 0.01942064508795738
455 0.3496530461125076 2.254371715025627e-05 0.011196914657950401 0.019399346560239793
456 0.3498976258561015 2.2555943414772627e-05 0.011183961391448975 0.019389916807413102
457 0.3497825963422656 2.266320701892255e-05 0.011220174178481103 0.019442124366760252
458 0.3513973639346659 2.2570838082174306e-05 0.011195082753896713 0.019356145709753036
459 0.3497712751850486 2.259782355395146e-05 0.011198160827159881 0.0194010891020298
460 0.3500983160920441 2.250209014164284e-05 0.011184610947966576 0.019419895857572554
461 0.3494981760159135 2.254728782645543e-05 0.011199667766690255 0.019451085925102234
462 0.34939543530344963 2.2597374409087935e-05 0.011206108808517455 0.0193988473713398
463 0.3482763171195984 2.2535562893608586e-05 0.011185311421751975 0.019443277418613434
464 0.34777575731277466 2.2537963959621267e-05 0.01118981021642685 0.01941538751125336
465 0.3482243870384991 2.2551044348801952e-05 0.011194765746593475 0.019409833550453184
466 0.34848055616021156 2.262076872284524e-05 0.011194970026612282 0.019413414746522903
467 0.3488772460259497 2.253117159852991e-05 0.011186565965414048 0.01942630335688591
468 0.34841756615787745 2.2541886173712556e-05 0.01119003351032734 0.019460768550634385
469 0.3491628561168909 2.2509488808282185e-05 0.01118147613108158 0.019433525055646897
470 0.34911819640547037 2.255169354612008e-05 0.011191883444786072 0.019387723952531813
471 0.3479876955971122 2.2519161884702043e-05 0.011191997662186622 0.019416966736316682
472 0.34852798702195287 2.2533054325322153e-05 0.011182255730032922 0.019380454272031784
473 0.34917544573545456 2.260038407257525e-05 0.011207518488168717 0.019373048394918442
474 0.3505859961733222 2.249915462016361e-05 0.011165989443659782 0.01941232234239578
475 0.3491817959584296 2.256435287563363e-05 0.01119436152279377 0.01938289374113083
476 0.35110666509717703 2.2494889053632504e-05 0.011177023366093636 0.019417450726032258
477 0.3513723951764405 2.2487753121822606e-05 0.011177400916814803 0.01943418562412262
478 0.3483418761752546 2.2576539995498022e-05 0.011202670738101005 0.019397183507680892
479 0.35040707560256124 2.2572374473384115e-05 0.011193425327539443 0.01936847895383835
480 0.3500947547145188 2.2543159320775886e-05 0.011189073354005813 0.019411628544330598
481 0.3486376074142754 2.2549520945176483e-05 0.01118767324090004 0.01938510313630104
482 0.3486117273569107 2.2508697329612916e-05 0.011182687044143677 0.019416847825050355
483 0.3490062961354852 2.2474257384601515e-05 0.01117469461262226 0.019407741278409957
484 0.3478400856256485 2.251718022307614e-05 0.01117369057238102 0.019393933713436128
485 0.3480710368603468 2.2485748177132335e-05 0.011169271513819695 0.019373015314340592
486 0.3489281558431685 2.2503637610498116e-05 0.011179720178246498 0.019412981569766997
487 0.34795376705005765 2.2515784512506797e-05 0.011183363884687424 0.01939166188240051
488 0.3481365661136806 2.2475394307548412e-05 0.011177598685026168 0.019383577853441237
489 0.3487095362506807 2.251529775094241e-05 0.011181991487741471 0.01939489334821701
490 0.3480629571713507 2.2485774370579747e-05 0.011173343315720558 0.01937191665172577
491 0.34824206586927176 2.2507410030812024e-05 0.011181895479559898 0.019391028732061385
492 0.3474079961888492 2.2519453013956082e-05 0.011183580115437507 0.019399953931570055
493 0.3479072069749236 2.2472105356428074e-05 0.011178104311227798 0.01940228581428528
494 0.34859488578513265 2.2482764361484442e-05 0.011178766161203384 0.019441953003406523
495 0.35009259544312954 2.246305393782677e-05 0.01117317846417427 0.01939423516392708
496 0.34909364581108093 2.24864125084423e-05 0.011172333106398582 0.01939041242003441
497 0.3486619358882308 2.2482389667857205e-05 0.011175621539354324 0.019374225437641144
498 0.34830578695982695 2.2433867161453237e-05 0.01116782096028328 0.019384553134441377
499 0.3476401660591364 2.2487251153506805e-05 0.011169418320059776 0.019392589032649996
