Epoch  Time  Train MSE  Train L2  Test L2 
0 1.785477975383401 0.07442845910787582 0.42644019854068754 0.12016808986663818
1 1.6600120160728693 0.002384690642938949 0.06264645630121231 0.040414458513259886
2 1.6612363257445395 0.0006776589872606564 0.032842927753925326 0.026318604052066805
3 1.663972088135779 0.0004256493582215626 0.02526569014787674 0.023889420628547667
4 1.6617130567319691 0.00031998341266444187 0.024816204845905306 0.037151983976364135
5 1.6614686166867614 0.0003615013226226438 0.0307418674826622 0.01797192633152008
6 1.6720759929157794 0.0002528075675581931 0.024686922699213028 0.03386175930500031
7 1.66064134798944 0.00023338524370046797 0.023519993484020233 0.04493058443069458
8 1.6612587976269424 0.00021367776414990658 0.023373791575431825 0.020163905173540116
9 1.666237210854888 0.00019833046579151414 0.023677535682916643 0.017914626151323318
10 1.6639208397828043 0.00013749432742770295 0.01755692194402218 0.014606578052043915
11 1.681768199428916 0.0001287363961455412 0.016557109519839287 0.02490365192294121
12 1.6664735921658576 0.00016206143322051504 0.022280455261468886 0.025319486409425735
13 1.666821161750704 0.00016760193779191468 0.02210213625431061 0.022200116217136384
14 1.6626202412880957 0.00014847476919385371 0.020901516646146773 0.02136608585715294
15 1.6696441336534917 0.00013912594393332257 0.020391799107193947 0.021125545352697374
16 1.6638359515927732 0.0001368082794579095 0.019674639374017717 0.02295430988073349
17 1.6648292229510844 0.00013798441988910782 0.02075884172320366 0.024434604346752167
18 1.6651572231203318 0.00010813930399308446 0.018093466848134995 0.014189787358045578
19 1.6736386767588556 0.00012105967554816744 0.01953854575753212 0.019442534446716307
20 1.6761642890051007 0.00012123239892389393 0.019210664629936217 0.017312745004892348
21 1.6756796990521252 0.00011730033416824881 0.019033103808760644 0.013586875200271607
22 1.667513475753367 0.0001102610710222507 0.018343624338507652 0.019268464148044586
23 1.6666420148685575 0.00010890044970437884 0.018025022372603415 0.024996879547834396
24 1.674949049949646 6.352590108690492e-05 0.012063263550400733 0.01116395190358162
25 1.666151194833219 5.747032373619732e-05 0.011816681012511253 0.008923121988773345
26 1.6680709179490805 9.435813368327217e-05 0.016370232775807382 0.019004473537206648
27 1.6670509180985391 9.482249290158506e-05 0.017395654767751692 0.011710426211357117
28 1.6688503879122436 7.271792906976771e-05 0.013740522816777229 0.011184701323509216
29 1.6774061722680926 6.858588325485471e-05 0.013133504942059516 0.00902211494743824
30 1.6642139768227935 6.427145417546854e-05 0.01318909788131714 0.015628053843975066
31 1.6841740566305816 8.386215899008675e-05 0.01576090456545353 0.01067290909588337
32 1.6680025486275554 9.789718249521684e-05 0.018514622807502747 0.014835814386606217
33 1.6695878501050174 9.718731093016686e-05 0.018256414517760278 0.015153745412826538
34 1.665301968343556 9.268008147046202e-05 0.018125842079520227 0.01205025427043438
35 1.6727975620888174 9.200294649417628e-05 0.017427422523498534 0.021840397268533707
36 1.6694677509367466 6.84713497685152e-05 0.01379601539671421 0.010153180658817292
37 1.6701381718739867 3.97286742736469e-05 0.009795912310481072 0.009193015024065972
38 1.668229219969362 5.974351477561868e-05 0.013243174210190773 0.024278082102537155
39 1.6709723733365536 7.67838494721218e-05 0.015581533327698708 0.014890676736831665
40 1.6693932618945837 4.38725802632689e-05 0.010824267968535424 0.013563862293958664
41 1.6703772232867777 6.839857756858692e-05 0.01424482449889183 0.022669664472341537
42 1.6722609139978886 9.127031058596913e-05 0.01743497833609581 0.012363875955343247
43 1.6669167820364237 6.776128695491934e-05 0.013783432573080063 0.01658930689096451
44 1.6723914849571884 8.712145883691846e-05 0.01703516574203968 0.0161849108338356
45 1.6692597926594317 9.209943300447776e-05 0.017478677451610566 0.014589075297117234
46 1.6679420028813183 6.582878137123771e-05 0.013780076682567597 0.015314979553222656
47 1.666160133201629 8.125611693685642e-05 0.016272866487503052 0.02482404187321663
48 1.6734059359878302 7.975716162036405e-05 0.017017758160829545 0.01795176312327385
49 1.6712918658740819 6.694173493087874e-05 0.015062078848481179 0.02291514426469803
50 1.667087723966688 3.3218503849639094e-05 0.00882432621717453 0.005911465361714363
51 1.6716827768832445 2.0201782372168965e-05 0.006439303018152714 0.011051013320684432
52 1.671358386054635 2.7958223727182484e-05 0.008600942991673946 0.010258434116840362
53 1.6689843847416341 2.881237827750738e-05 0.008303568601608276 0.004767609126865864
54 1.6838937937282026 1.758873084327206e-05 0.00551568179577589 0.005279071964323521
55 1.6746311387978494 1.8182748863182497e-05 0.005448819749057293 0.0055349434912204745
56 1.6700223269872367 1.8408480336802313e-05 0.006402166314423084 0.005878883115947246
57 1.672357368748635 2.5482892815489323e-05 0.008461285896599292 0.013645526319742203
58 1.6719440487213433 2.6285870826541214e-05 0.008225875705480576 0.007812886461615563
59 1.6709038689732552 2.777426358079538e-05 0.00867773052304983 0.00915401816368103
60 1.6678262669593096 2.944790923720575e-05 0.00884969212114811 0.006031219772994518
61 1.6720540500245988 2.985942664054164e-05 0.009170591704547405 0.009557834640145303
62 1.6727693499997258 2.9423130808936548e-05 0.009328056044876576 0.006901566460728645
63 1.6676096580922604 2.5758661486179335e-05 0.008541879080235957 0.007549958676099778
64 1.6734337606467307 1.8922744693554705e-05 0.0063324074447155 0.004968763738870621
65 1.6666761888191104 2.1027725842941436e-05 0.007247018076479435 0.008668039068579674
66 1.6714442200027406 1.77229852806704e-05 0.006485012516379356 0.004488827027380467
67 1.6697257799096406 1.5292507637241215e-05 0.0052785429805517195 0.004778623767197132
68 1.6759473336860538 2.0603376842700527e-05 0.007246543362736702 0.007127169966697693
69 1.6668766201473773 2.8204974723848865e-05 0.008789004631340504 0.0068010663241148
70 1.6735975127667189 2.731876947109413e-05 0.009361323274672031 0.00831814542412758
71 1.6714256629347801 2.2100245155343144e-05 0.007239877209067345 0.005392663478851319
72 1.6682816608808935 2.7282156643195777e-05 0.009022621423006057 0.009075115770101547
73 1.6672284109517932 2.7042452020396014e-05 0.009005699940025806 0.009035412445664406
74 1.671059993095696 2.469024370839179e-05 0.008333110801875591 0.005658350065350533
75 1.6739567150361836 2.6259850501446634e-05 0.008580696642398834 0.009290063753724098
76 1.6673636520281434 2.66121898766869e-05 0.009169527240097522 0.009200138300657272
77 1.6739631849341094 2.6091250711033353e-05 0.008705394789576531 0.009509376436471938
78 1.6793633392080665 2.0204534075674017e-05 0.007335876375436783 0.0055891800671815876
79 1.671052205376327 1.897913369020898e-05 0.006773851320147514 0.0054951228201389314
80 1.6805931101553142 1.3728766134590842e-05 0.005289197131991386 0.007717785015702247
81 1.6715359259396791 2.427711258860654e-05 0.008549363553524017 0.009808883666992188
82 1.6714348858222365 2.4872215326467995e-05 0.008719583548605442 0.0058060850203037265
83 1.6669111936353147 1.1942963383262394e-05 0.004804833278059959 0.005754831545054913
84 1.670665455982089 1.174502084722917e-05 0.005046975448727608 0.004192505441606045
85 1.6703603761270642 1.947008160641417e-05 0.007048245050013066 0.004129616841673851
86 1.6701852567493916 2.446136999878945e-05 0.008466930948197842 0.009137076511979102
87 1.668727686163038 1.6376121395751396e-05 0.005940248481929302 0.004682756848633289
88 1.6709646880626678 1.2120360738663293e-05 0.0048116942793130875 0.006257964633405209
89 1.6726942579261959 1.353220286546275e-05 0.005144289165735245 0.004370378218591213
90 1.6696689878590405 1.2313751321926247e-05 0.004981302872300148 0.004572327509522438
91 1.6737262601964176 3.06248587276059e-05 0.009563632868230343 0.0062955691665410995
92 1.668705126736313 2.4382665151279072e-05 0.008142299488186837 0.00653960220515728
93 1.6741851503029466 2.265444747536094e-05 0.007773732285946608 0.006053343936800956
94 1.66842259792611 2.1480322175193578e-05 0.007718442618846894 0.007241297215223312
95 1.6726713408716023 2.631826750075561e-05 0.009112237878143787 0.010925080329179764
96 1.6717321900650859 2.2669528798360263e-05 0.008605440363287926 0.008587729558348656
97 1.6807696749456227 2.2746461600036127e-05 0.008748854458332062 0.009851222485303878
98 1.670975409913808 2.2392067407963622e-05 0.007870130009949208 0.006739452965557575
99 1.6679985490627587 2.3944800113895325e-05 0.00864615262299776 0.010264223217964172
100 1.6674126498401165 9.767474989530455e-06 0.0037892636358737948 0.003364622686058283
101 1.669124690350145 7.90598148682875e-06 0.0030576369091868403 0.00374625239521265
102 1.6719199917279184 9.285344449381227e-06 0.003924481995403767 0.004298419915139675
103 1.6686671911738813 9.686634434729058e-06 0.004103922110050917 0.0062039483711123465
104 1.6727616526186466 1.0520650188254876e-05 0.004575483713299036 0.002746964320540428
105 1.6693422016687691 7.680941382659513e-06 0.00305674098059535 0.0031970230862498283
106 1.6861604400910437 8.367362295302882e-06 0.0030592808909714222 0.003480926901102066
107 1.6734883841127157 7.326968080860752e-06 0.002963889490813017 0.002562928833067417
108 1.668341622222215 1.0666868363387038e-05 0.004521800749003887 0.003947372063994408
109 1.672219815198332 7.69726072519461e-06 0.0031856002435088158 0.002363423630595207
110 1.6661477624438703 7.857854778876572e-06 0.0029506654553115366 0.0029645004123449326
111 1.6712770350277424 7.515598235841026e-06 0.0028787498623132706 0.0031977531872689723
112 1.6715379860252142 9.279661260279681e-06 0.0037476488947868346 0.0059531059488654135
113 1.6703854440711439 1.1143664250994334e-05 0.0050111618340015415 0.00583877969533205
114 1.6702598663978279 1.0777817535654322e-05 0.004662684679031372 0.0034111491963267327
115 1.670285786036402 6.825454103136508e-06 0.0029010376110672953 0.004067462980747223
116 1.6700072051025927 7.963056531252732e-06 0.0032844375744462014 0.005258158892393112
117 1.6665299632586539 1.0651393030229883e-05 0.004609532557427883 0.005846071615815162
118 1.6691068350337446 1.0371385708367597e-05 0.0047478356137871745 0.004107824042439461
119 1.6720219976268709 1.0948948358873168e-05 0.0046214481256902215 0.003277077805250883
120 1.6658747838810086 9.207540622355736e-06 0.0043732508048415185 0.0046658339351415635
121 1.6704076179303229 1.0609967098389461e-05 0.004485068023204804 0.0023098140209913253
122 1.6679851561784744 1.0753531414593454e-05 0.004263228110969066 0.0043808588758111
123 1.669786088168621 7.1870003432650265e-06 0.00313136500492692 0.003757367245852947
124 1.674080470111221 8.933741964938235e-06 0.004084644980728626 0.005972898453474045
125 1.6673970161937177 9.401772415458253e-06 0.00449297508597374 0.004971599988639355
126 1.666899077128619 9.792405492135004e-06 0.004618783298879861 0.005187956467270851
127 1.6702527278102934 7.64303740993455e-06 0.003346473552286625 0.003731277771294117
128 1.685572296846658 1.102507128734942e-05 0.004777393061667681 0.003792319856584072
129 1.6961025521159172 8.33229553336423e-06 0.0037182369343936443 0.002788362856954336
130 1.695652563124895 8.81256566117372e-06 0.0038008729480206965 0.0035206601582467557
131 1.6718176207505167 7.264800014468165e-06 0.003130517225712538 0.003606548123061657
132 1.6711710412055254 7.460676154096291e-06 0.0031876593232154846 0.0035997097566723823
133 1.6868426189757884 8.882798730383002e-06 0.004114637896418571 0.006630306504666806
134 1.6713404012843966 8.159439229302734e-06 0.0035413102358579636 0.0031287393160164354
135 1.670572041068226 9.547327535983641e-06 0.0043645864017307755 0.002517768982797861
136 1.6714906529523432 8.210642241124333e-06 0.0035112365633249284 0.0027964971028268336
137 1.6718957321718335 8.641098461339424e-06 0.004267890501767397 0.004898509122431278
138 1.6702147321775556 8.059754388796137e-06 0.0037800536863505842 0.0031208220310509206
139 1.6701048417016864 7.023361565643426e-06 0.003542199958115816 0.002704215571284294
140 1.6693495819345117 9.079900095230187e-06 0.004102619364857674 0.004296103864908219
141 1.670377144124359 9.492922254139558e-06 0.004557685863226652 0.0034582709893584253
142 1.6718838838860393 7.5291312282388386e-06 0.0037803528793156145 0.0028071628697216512
143 1.6718987738713622 6.254945444652548e-06 0.00297583731636405 0.0038793456554412843
144 1.670812254305929 7.66347726312233e-06 0.003752288244664669 0.002736321911215782
145 1.6737064560875297 6.496705839253991e-06 0.0031024919357150794 0.0055087307840585705
146 1.6707854652777314 9.412969404820615e-06 0.004619731783866882 0.004660173356533051
147 1.670653904788196 6.850470317658619e-06 0.0029866918493062257 0.0023776825889945032
148 1.6701209349557757 6.088034022013744e-06 0.0026263657286763192 0.0024496955052018166
149 1.6718972269445658 5.70556017578383e-06 0.002736943159252405 0.004713894389569759
150 1.673462986946106 5.426083804991322e-06 0.0024586770627647637 0.00198262732475996
151 1.6742556877434254 5.324640470121267e-06 0.0022654381282627583 0.0018626604229211806
152 1.6746530891396105 5.496695829947385e-06 0.0022303927037864925 0.001963979657739401
153 1.674279699102044 5.6046730446723815e-06 0.0022909854669123887 0.0017000010143965482
154 1.672369988169521 4.95511234106516e-06 0.00196483713388443 0.0021390216052532196
155 1.6703862468712032 4.932315995347381e-06 0.0018141093142330646 0.00357401579618454
156 1.671468858141452 5.199103104587266e-06 0.00217016133479774 0.002790112178772688
157 1.6872524968348444 5.489807106187072e-06 0.0024984965194016695 0.002385513912886381
158 1.6716103693470359 5.75347678250182e-06 0.0024585684053599834 0.0027829817309975623
159 1.680912584066391 5.287260818249706e-06 0.002372341737151146 0.0023058802634477616
160 1.676433252170682 5.1056991264886166e-06 0.002448253106325865 0.003915698640048504
161 1.6709191692061722 5.377275260798342e-06 0.0024031857885420324 0.0027295791916549204
162 1.6731227613054216 5.6240649234950975e-06 0.0024069292545318604 0.001734537472948432
163 1.6733326208777726 5.101781871985622e-06 0.0024019708558917045 0.0018669385556131601
164 1.6713775708340108 5.265040981043967e-06 0.0023630944322794675 0.0024837774224579336
165 1.669735400006175 5.0073574357156755e-06 0.002180415891110897 0.0016979458555579185
166 1.6716231610625982 4.303010385058315e-06 0.0015683762282133102 0.0015770481619983912
167 1.6717683523893356 4.380582852832049e-06 0.0015333313066512345 0.0014671883638948202
168 1.672561322338879 4.950487150381377e-06 0.002032790523022413 0.0023874260485172273
169 1.6748749138787389 5.0529983775504665e-06 0.002286467207595706 0.003881975896656513
170 1.672034662682563 5.0939999673005335e-06 0.002393634272739291 0.0027782773412764073
171 1.6704732128418982 5.571687803467285e-06 0.0024235808067023753 0.002163621559739113
172 1.6713098329491913 5.5571419937905374e-06 0.0024968072585761546 0.0022419123351573944
173 1.6711032129824162 4.286729599698447e-06 0.001461138352751732 0.0014101410191506146
174 1.672311854083091 4.453926330256763e-06 0.001618257287889719 0.0020656283013522625
175 1.673155843745917 4.709678424319463e-06 0.002096137773245573 0.0019706039503216742
176 1.6730724037624896 4.989246036757322e-06 0.002124621745198965 0.001995761301368475
177 1.6721235448494554 4.394557246882869e-06 0.0017462088968604804 0.0015196251310408116
178 1.6712367753498256 4.422432465958081e-06 0.0016951995212584733 0.0019446643069386481
179 1.6693199938163161 4.8043765229977e-06 0.0018853139784187078 0.002744604181498289
180 1.6701068342663348 5.392038860065895e-06 0.00250404835306108 0.00230891615152359
181 1.6728556957095861 4.508489893453316e-06 0.001922909464687109 0.0016351720597594975
182 1.6710673649795353 4.508700097289875e-06 0.0017821914032101632 0.0017733752168715
183 1.6734843370504677 4.6894835071498166e-06 0.00180447100661695 0.0016703931335359812
184 1.6716624381951988 5.273055816701344e-06 0.0025540137570351363 0.002669086363166571
185 1.690551821142435 4.697231854038364e-06 0.0021768555883318187 0.0029509479552507403
186 1.6723380219191313 5.088971103646145e-06 0.0023949639536440374 0.0016156640648841859
187 1.6714713932015002 4.2632948955656504e-06 0.0015888328924775123 0.0017082642298191786
188 1.673141481820494 4.363092454582329e-06 0.001740682564675808 0.0017102631088346243
189 1.6749571217224002 4.304598970747975e-06 0.0017745814733207226 0.002292193416506052
190 1.6741611426696181 4.5517815800621975e-06 0.0020834222212433814 0.00237918334081769
191 1.6722530163824558 4.3395586166639075e-06 0.00176822773180902 0.0017549562454223632
192 1.6716752778738737 4.385285749322066e-06 0.0018165807016193867 0.0014968270622193814
193 1.675689754076302 4.3552612399366805e-06 0.0017845575474202632 0.0016103016305714845
194 1.6733758370392025 5.15457423944099e-06 0.0024779808949679134 0.0024656393937766553
195 1.6728143291547894 4.853720596429411e-06 0.0024949964471161364 0.003642430566251278
196 1.6727755898609757 4.235140805803894e-06 0.0018165447656065226 0.0020628234185278414
197 1.672712101135403 4.4743903140442855e-06 0.0021880636531859637 0.0022506577894091605
198 1.6708899438381195 5.2727398588103826e-06 0.002556927366182208 0.002213973831385374
199 1.672547213267535 4.069992323252336e-06 0.0016938345078378915 0.0017327643372118473
200 1.6718410952016711 3.7306865644382016e-06 0.0012676939014345408 0.0012756972014904022
201 1.6726183048449457 3.7510751056402114e-06 0.001315296210348606 0.0013753362558782101
202 1.6736792540177703 3.6465146168040975e-06 0.0010983786452561618 0.0013652650360018014
203 1.6723585668951273 3.765905356374333e-06 0.001210391373373568 0.0015967352967709303
204 1.672028407920152 3.920250561577632e-06 0.0015119524877518415 0.0013979681953787803
205 1.6719546890817583 3.862851895064523e-06 0.0012633769512176514 0.0012250739336013795
206 1.6744081671349704 3.870248286830247e-06 0.0011632395852357149 0.0013009831681847573
207 1.6709179622121155 3.781219167819927e-06 0.0011483351401984693 0.00131746593862772
208 1.6715527530759573 3.823593140737103e-06 0.0011808916730806232 0.0012068276945501567
209 1.6713161529041827 4.026961319709699e-06 0.0014246683809906245 0.0012049475545063614
210 1.6817908226512372 3.995171350936744e-06 0.0013760124407708645 0.0013518622610718012
211 1.671821674797684 3.7245097632876423e-06 0.0011165815060958267 0.0011765930289402604
212 1.6803597761318088 3.735642966233854e-06 0.001375258855521679 0.001613350724801421
213 1.672144026029855 3.90762362883379e-06 0.0014897823557257653 0.0012198773119598627
214 1.6728189657442272 3.6583009463697634e-06 0.0011258427081629633 0.0012965109571814537
215 1.6732336869463325 3.72194445930063e-06 0.0011084113689139486 0.0013188255950808525
216 1.6734235170297325 3.7772603494090617e-06 0.0015076982732862233 0.0014628274831920863
217 1.6714853611774743 3.6713118238651532e-06 0.0011075448226183654 0.0012056344468146562
218 1.6713134520687163 3.7195755388097494e-06 0.0014187032617628574 0.0019181456230580806
219 1.6734967404045165 3.996381135351612e-06 0.0014963175859302282 0.0012471957225352525
220 1.6723052118904889 3.618221615653283e-06 0.0011407109117135405 0.0012439880426973104
221 1.671761873178184 3.7053634483186217e-06 0.0011767917983233928 0.0013874854054301978
222 1.6739669926464558 3.854315454816515e-06 0.0012672810833901167 0.0020149639062583447
223 1.671250426210463 3.7175747641526867e-06 0.0012692939564585685 0.0018670398648828268
224 1.6711058369837701 3.792509276934197e-06 0.0012867964077740907 0.0014537849370390176
225 1.6702639488503337 3.486791783444687e-06 0.0011119474591687322 0.0013818421680480242
226 1.672376738395542 3.7271823387641234e-06 0.001342946832999587 0.0018014257960021496
227 1.6730686970986426 3.7485461641040274e-06 0.0013616385292261838 0.0012078800424933434
228 1.6750488360412419 3.839325551950878e-06 0.0013444227213039995 0.00131147894077003
229 1.6729015200398862 3.635897282094902e-06 0.0011194789931178093 0.0012359011359512806
230 1.6744863288477063 3.752432736945366e-06 0.0013164801802486182 0.0016850579343736171
231 1.6726943608373404 3.722738437090811e-06 0.0015411729980260133 0.001278715869411826
232 1.6702835848554969 4.02390447277412e-06 0.001625693203881383 0.0012617425248026848
233 1.670576326083392 3.7947853058994952e-06 0.0014913886822760106 0.0018875928316265346
234 1.6721321851946414 3.4486570493186263e-06 0.001144980019889772 0.001214606212452054
235 1.671514006331563 3.532820467029296e-06 0.0011604796685278417 0.0013023887481540442
236 1.6796532291918993 3.6255131095686012e-06 0.0013804062539711595 0.0018072831723839045
237 1.6697574499994516 3.4259544035819546e-06 0.0011215259209275245 0.0011931518698111176
238 1.6798112611286342 3.5373853312137272e-06 0.0010945896292105317 0.0018250263016670943
239 1.6750159859657288 3.7139678528319564e-06 0.0015629492700099945 0.0019293224811553955
240 1.6708977213129401 3.899252837982203e-06 0.001565349232405424 0.0014900858141481876
241 1.6704459530301392 3.6357255302732484e-06 0.0012525199539959431 0.0012943513691425323
242 1.6712976726703346 3.5649478670052305e-06 0.0011910385703667997 0.002169016916304827
243 1.6684028669260442 3.517733210571805e-06 0.0011935736034065485 0.0016061284858733416
244 1.6701535359025002 3.721474969040628e-06 0.0014937368463724852 0.0017396787274628878
245 1.6713802050799131 3.629924491690417e-06 0.0013851075489073991 0.001233862368389964
246 1.6719019059091806 3.4065676641148455e-06 0.0010706581408157945 0.00121876934543252
247 1.6726540261879563 3.870802370329329e-06 0.0015281134005635977 0.002310429997742176
248 1.6697671599686146 3.5088065320110218e-06 0.0013117856699973345 0.0012445712555199861
249 1.6696667312644422 3.4045836963514375e-06 0.0010778651395812631 0.0011818296229466796
250 1.670894070994109 3.3815453288355e-06 0.0009397224616259337 0.0010700683947652578
251 1.671576991211623 3.322595328540956e-06 0.0009086327813565731 0.001147124646231532
252 1.6732398099265993 3.354865415161612e-06 0.0009138457486405968 0.0011141724791377784
253 1.6713935430161655 3.3048315785322303e-06 0.0009219746142625809 0.0010806209919974209
254 1.6701130140572786 3.3166365386705366e-06 0.0009336098870262504 0.0010946309939026833
255 1.6699901758693159 3.319157535202066e-06 0.0009179878616705537 0.0010553302709013224
256 1.6721541550941765 3.312735163660818e-06 0.0009542414881289006 0.0011534916423261165
257 1.6706215562298894 3.31707024855632e-06 0.000925341971218586 0.0011987395072355867
258 1.6702093579806387 3.3811728155797027e-06 0.0009200846683233976 0.001083776094019413
259 1.6709336577914655 3.2962980014872302e-06 0.0009185701692476869 0.00107671563513577
260 1.6707661086693406 3.3318955397021457e-06 0.0009671661863103509 0.001151278903707862
261 1.6702399509958923 3.392674525173334e-06 0.000975921823643148 0.0011246428126469254
262 1.6711376709863544 3.3937390242044783e-06 0.0009089091094210744 0.0010690735885873436
263 1.6713138618506491 3.3164086828207928e-06 0.0009103795113041997 0.0011421654233708977
264 1.6728851809166372 3.388792893730397e-06 0.0010069728614762426 0.0010752945486456156
265 1.6844614096917212 3.227924025424045e-06 0.0009323097607120872 0.0011303084343671798
266 1.6701902654021978 3.324412629552853e-06 0.0009445739230141044 0.0010593512328341604
267 1.6728442939929664 3.326323046053403e-06 0.0009040163885802031 0.0011630410049110651
268 1.670557347126305 3.324286458337156e-06 0.0009318230981007218 0.0010443694842979313
269 1.6721395659260452 3.312767637879688e-06 0.000919504726305604 0.001174190491437912
270 1.6709970477968454 3.304931102405817e-06 0.0009109882982447743 0.0011010953970253467
271 1.6723595070652664 3.349923754711881e-06 0.001058760678395629 0.0010548906913027166
272 1.6711684698238969 3.292352586754532e-06 0.0010158076910302043 0.001274258466437459
273 1.6705044209957123 3.328694294708612e-06 0.0009799360549077392 0.0011614829394966364
274 1.669400712940842 3.2782700573363853e-06 0.0009893458196893335 0.001301939906552434
275 1.6710022217594087 3.294770574626682e-06 0.0009548379285261035 0.0010548806097358465
276 1.6711472128517926 3.2420696238943947e-06 0.0009224770097061992 0.0010948493238538504
277 1.6713121142238379 3.3275844836566647e-06 0.0009520465433597565 0.001149864187464118
278 1.6690687472000718 3.3226864427149396e-06 0.0010161219201982022 0.0011557361437007786
279 1.6717943651601672 3.338421674214942e-06 0.0010887818438932299 0.0016362816654145718
280 1.6698685782030225 3.244242811319964e-06 0.0009649445954710245 0.0010762395057827235
281 1.671835226006806 3.1906687862459647e-06 0.00093161063734442 0.001098008155822754
282 1.670537899248302 3.232054493906844e-06 0.0009472175110131502 0.0010717845475301147
283 1.6710469601675868 3.395322903259057e-06 0.0009686960317194462 0.0010923093743622303
284 1.6705342810600996 3.284618623098368e-06 0.0009150093495845794 0.0010519999032840132
285 1.6706483219750226 3.2747174019220895e-06 0.0009200726579874753 0.0010148611012846232
286 1.6700947731733322 3.3174779778732953e-06 0.0010494156051427126 0.0012237918935716153
287 1.6723580518737435 3.2919160685196403e-06 0.001119578944519162 0.001397059401497245
288 1.670577293727547 3.235201737865623e-06 0.0009504891550168395 0.001070739165879786
289 1.6778340367600322 3.2565163781583807e-06 0.0008988263327628374 0.0010985211050137877
290 1.6691858172416687 3.2882022549074463e-06 0.001034521701745689 0.0011822577379643918
291 1.681694386061281 3.313251413459284e-06 0.0009637572662904858 0.0012420475296676158
292 1.6715871770866215 3.1551344527258608e-06 0.0008933729501441121 0.0010211632633581758
293 1.6700792890042067 3.3557219096280733e-06 0.0009393121236935258 0.001259541166946292
294 1.67184499790892 3.219084054109089e-06 0.0009253739546984434 0.0010642770351842045
295 1.669525952078402 3.2352424977233342e-06 0.0008860694048926234 0.001179882874712348
296 1.6716214311309159 3.1922782127935535e-06 0.0009147767229005694 0.0011535641737282277
297 1.6701915417797863 3.3016046333500525e-06 0.0010822725621983408 0.00142933439463377
298 1.6694302037358284 3.2645578907875005e-06 0.0010876311026513576 0.0011861416744068265
299 1.6702480339445174 3.2658290915321687e-06 0.0010097230505198241 0.0013726797886192798
300 1.67074193386361 3.13767851338298e-06 0.0008771124836057425 0.0010198420099914074
301 1.671250944957137 3.1130375116816823e-06 0.000818139529787004 0.0010112435324117542
302 1.6719236951321363 3.1651294268897346e-06 0.0008218338545411825 0.001020144117064774
303 1.6713348063640296 3.1527432919631336e-06 0.0008190944334492087 0.0009731695568189025
304 1.6714652073569596 3.099278925304816e-06 0.0008114588921889663 0.0009698462625965476
305 1.6721080881543458 3.1179211794096773e-06 0.0008189335139468313 0.0010313043091446162
306 1.6716150492429733 3.1646674706564682e-06 0.0008198319058865309 0.0009932920476421715
307 1.6714299600571394 3.144632929874547e-06 0.0008110879277810454 0.001009343327023089
308 1.6704948507249355 3.126514490787713e-06 0.000828509139828384 0.000988740329630673
309 1.6715448619797826 3.1644457666857307e-06 0.00084550925437361 0.0009986621281132101
310 1.669923733919859 3.089974529046913e-06 0.0008126419596374035 0.0010295735066756606
311 1.6704049240797758 3.1386085622386874e-06 0.0008160376623272896 0.001012151027098298
312 1.6709460550919175 3.202290187118706e-06 0.0008231107955798506 0.0009859749488532544
313 1.6736241332255304 3.1055196273399587e-06 0.0008138028346002102 0.0010037508979439736
314 1.6710504656657577 3.1317207850634075e-06 0.0008208679668605328 0.000984266707673669
315 1.6727034961804748 3.147638803824293e-06 0.0008216079920530319 0.0009762350050732493
316 1.671299567911774 3.1319654035399935e-06 0.0008275804575532675 0.0009848412172868849
317 1.6693348409608006 3.096140792422375e-06 0.0008060461450368166 0.0009922749502584338
318 1.6849283059127629 3.1537658045976968e-06 0.0008148988988250494 0.0010181801067665219
319 1.6705793412402272 3.1189653756769076e-06 0.0008364275470376015 0.0011285990430042149
320 1.6706855720840394 3.127099284512269e-06 0.0008107360079884529 0.000998750776052475
321 1.6700485427863896 3.137887962694208e-06 0.0008273251932114363 0.000976200676523149
322 1.673011191189289 3.1032596661617617e-06 0.0008068975834175944 0.0009941145358607173
323 1.6710960837081075 3.12013678637868e-06 0.0008143815994262696 0.0009673288324847818
324 1.6700837346725166 3.1090367210140357e-06 0.0008066242029890418 0.0009690272714942694
325 1.6722070551477373 3.1244712819500366e-06 0.0008290256513282657 0.0009859761502593756
326 1.6707035670988262 3.1318297489235646e-06 0.0008133984804153442 0.000982282990589738
327 1.6716423067264259 3.106358266506959e-06 0.0008457658933475613 0.0009817774314433336
328 1.6732709351927042 3.102842465239064e-06 0.0007952111987397075 0.0009949986124411225
329 1.6714171981438994 3.1139383276013178e-06 0.0008439427176490426 0.0009909932548180223
330 1.6721556191332638 3.070066975254804e-06 0.0008276709867641329 0.0009689646493643522
331 1.670901671051979 3.115926665557822e-06 0.0008162729470059276 0.000994371478445828
332 1.6702154818922281 3.111521876988377e-06 0.0008298696670681238 0.0009580006869509816
333 1.6716012731194496 3.1604667207574266e-06 0.000797541519626975 0.0009653902193531394
334 1.6721531925722957 3.068028418766744e-06 0.0008174998462200164 0.0009712700452655554
335 1.6695856363512576 3.134255375414341e-06 0.0008093130635097623 0.0010245110793039203
336 1.6719122952781618 3.1083878055682133e-06 0.0007959058871492744 0.000971885439939797
337 1.6725974236615002 3.070770918682797e-06 0.0007985794702544809 0.0010134632233530284
338 1.6716770958155394 3.0797119569569987e-06 0.000816495050676167 0.0009995989035815
339 1.671217787079513 3.0841599803466124e-06 0.0008186358120292425 0.0009784203302115203
340 1.6727598160505295 3.1172295059889167e-06 0.000825353273190558 0.001000842498615384
341 1.6687176320701838 3.1035952000024735e-06 0.0008289248906075955 0.0010155712347477675
342 1.674827676732093 3.084215580102523e-06 0.000816521537490189 0.0009948464296758175
343 1.6708610421046615 3.0764014582018715e-06 0.000845533998683095 0.0009818527335301041
344 1.6876961649395525 3.0978607689746694e-06 0.000827872108668089 0.0011742265429347753
345 1.671126103028655 3.1405790349481323e-06 0.0008639422813430429 0.0010621346859261394
346 1.6697858050465584 3.104926676584796e-06 0.0008161667510867119 0.0010013487422838806
347 1.670968214981258 3.064481250589779e-06 0.0008098723655566573 0.001018639924004674
348 1.672706734854728 3.0517918844452653e-06 0.0008093457752838731 0.000996011709794402
349 1.6699638776481152 3.079676644190954e-06 0.0008085312405601144 0.0009918686794117093
350 1.672338005155325 3.0229611748922023e-06 0.0007768382197245956 0.0009483681851997971
351 1.6717647071927786 3.028467645762589e-06 0.0007599491579458117 0.0009373850701376796
352 1.6710580787621439 3.0317952716529818e-06 0.0007598588094115257 0.0009465270768851041
353 1.6714208298362792 3.021738273289998e-06 0.000769282347522676 0.0009315869025886058
354 1.6701563717797399 3.0425928508037716e-06 0.000763762740418315 0.0009521571407094597
355 1.6700252019800246 3.0138013801206397e-06 0.000768454072996974 0.0009322259807959199
356 1.6708507318980992 3.037202054372301e-06 0.000762728363275528 0.000938401147723198
357 1.670384163968265 3.023810217470668e-06 0.0007624046355485916 0.0009423106629401445
358 1.6710073836147785 3.0477249919158567e-06 0.0007772456174716353 0.000981539045460522
359 1.668403197079897 2.996758996616222e-06 0.0007842288287356495 0.0009490720508620143
360 1.6701448261737823 3.012217211164625e-06 0.0007717954497784376 0.0009951112838461995
361 1.6709020659327507 3.0261011099241843e-06 0.0007742954976856708 0.0009414801653474569
362 1.669413048774004 3.0150672276363364e-06 0.000763537036255002 0.0009282820066437125
363 1.6715914281085134 3.038465203104579e-06 0.0007522417493164539 0.0009432152565568686
364 1.6721722781658173 2.9945218486204795e-06 0.0007699316535145044 0.0009650167357176542
365 1.6705115912482142 2.9942316024289537e-06 0.0007674590582028031 0.0009490536293014884
366 1.6731359087862074 3.023255753049625e-06 0.0007594032371416688 0.0009362187748774886
367 1.6708190320059657 2.9795677312449697e-06 0.0007639154177159071 0.0009467853000387549
368 1.6760338973253965 3.034248208706458e-06 0.0007695454023778439 0.0009308956610038876
369 1.6700375941582024 2.9949845050225575e-06 0.0007667441936209798 0.0009519189642742276
370 1.6859492692165077 3.015660257261743e-06 0.0007628095224499703 0.0009394795121625065
371 1.67155177379027 3.01717544822111e-06 0.0007601501988247037 0.0009456970449537039
372 1.6716649048030376 3.0166836779699224e-06 0.0007749118721112609 0.0009332065517082811
373 1.6714173560030758 2.992932851739738e-06 0.0007570085981860756 0.000937316813506186
374 1.6705695781856775 3.001876320354313e-06 0.0007612295225262642 0.0009421451948583126
375 1.671133398078382 3.008032094911073e-06 0.0007649693042039871 0.000930559104308486
376 1.6721251178532839 2.9843706537491243e-06 0.0007622638288885355 0.000960027021355927
377 1.6703685401007533 2.9939039900739317e-06 0.0007563098315149546 0.0009437683736905455
378 1.6704621906392276 2.9930930021748738e-06 0.0007643267745152116 0.0009230206254869699
379 1.6702699922025204 3.00159464927674e-06 0.0007474579298868776 0.0009333337424322963
380 1.6687789247371256 2.9554968663347836e-06 0.0007575076464563608 0.000966346557252109
381 1.669409065041691 3.018952304714162e-06 0.0007563653141260148 0.000928484033793211
382 1.6691435859538615 2.9808389303553895e-06 0.0007557948222383857 0.0009297763416543603
383 1.6687299772165716 3.0141442142905816e-06 0.0007565618744120002 0.0009563859784975648
384 1.67160575510934 3.0382748200707966e-06 0.0007710108794271946 0.0009298784332349896
385 1.6709263268858194 2.992933406673615e-06 0.0007567762015387416 0.0009320857049897313
386 1.6705185477621853 2.998191857841448e-06 0.0007680076779797673 0.0009594514081254601
387 1.6698881690390408 2.9991955447172814e-06 0.0007679775767028331 0.0009426481928676367
388 1.6708482503890991 2.9821679735420047e-06 0.0007573288306593895 0.0009217171929776669
389 1.6704293908551335 2.9895239375576922e-06 0.0007694808188825846 0.0009454592457041144
390 1.670308472122997 3.0034274701762343e-06 0.0007570496834814549 0.0009402834717184305
391 1.6705376030877233 3.0323194407344546e-06 0.0007706165807321668 0.0009547660127282142
392 1.6714516934007406 2.982106216080638e-06 0.0007591327428817749 0.0009422245668247343
393 1.6725372532382607 3.012219796971749e-06 0.0007706440491601825 0.000994448228739202
394 1.669755375944078 3.0096216735842064e-06 0.0007765558017417788 0.0009682274051010609
395 1.6709652147255838 2.9636934885957087e-06 0.0007835001396015286 0.0009583877818658948
396 1.6690579070709646 2.9499832933055358e-06 0.0007500989716500044 0.0009251702250912785
397 1.6863008318468928 2.9714059745344912e-06 0.0007459828490391374 0.0009294108906760812
398 1.670120928902179 3.0036421406975934e-06 0.0007835744703188538 0.0009396414924412966
399 1.6692422102205455 2.9564219337174793e-06 0.000753146649338305 0.0009315370675176383
400 1.669188201893121 2.961465395117102e-06 0.0007345528146252036 0.0009308933652937412
401 1.6747126569971442 2.9412729674760384e-06 0.0007291861176490784 0.0009093775926157832
402 1.671093740966171 2.9674705844939807e-06 0.0007284938236698508 0.0009212970966473222
403 1.6722067301161587 2.9633322640876258e-06 0.0007319875666871667 0.0009229208994656801
404 1.670064913108945 2.9717103787874065e-06 0.0007365213409066201 0.0009248854825273156
405 1.6690027760341763 2.9447644214997128e-06 0.0007297463016584516 0.0009139999188482761
406 1.6694435961544514 2.9211526933892175e-06 0.0007308678068220616 0.0009262134926393628
407 1.6700855260714889 2.957139478567683e-06 0.0007364923199638724 0.0009131647972390056
408 1.6692975079640746 2.9523351351201653e-06 0.0007321532284840941 0.0009157488588243723
409 1.6683975192718208 2.9574994353964714e-06 0.0007300789533182979 0.0009077283134683966
410 1.6719760056585073 2.955992287780873e-06 0.0007289404114708305 0.000913490648381412
411 1.6717100478708744 2.954401899657455e-06 0.0007243394013494253 0.0009159126505255699
412 1.670460179913789 2.9635332122168733e-06 0.0007304841689765453 0.0009389432473108173
413 1.6729270489886403 2.9401089428660044e-06 0.0007336775250732898 0.0009244235884398222
414 1.6739963870495558 2.9460686169358042e-06 0.0007350466409698129 0.0009145041508600116
415 1.67323725996539 2.954615134669325e-06 0.0007319214968010783 0.0009282192587852478
416 1.6721928911283612 2.9321092915779443e-06 0.0007423349041491747 0.0009153085108846426
417 1.6752889892086387 2.9678020001711047e-06 0.0007295098677277565 0.0009207812743261456
418 1.671632984187454 2.9353861913250513e-06 0.0007345501175150275 0.0009147966839373111
419 1.6713862642645836 2.9552462790860547e-06 0.0007281695716083049 0.0009099810803309083
420 1.6703690369613469 2.9526708355831486e-06 0.0007293761828914285 0.0009099635202437639
421 1.6764935911633074 2.9608099421096767e-06 0.0007270757919177413 0.0009137643920257688
422 1.6716580772772431 2.9445393199267755e-06 0.0007355636218562723 0.0009216417977586388
423 1.6882296311669052 2.9422127073530645e-06 0.0007279025642201305 0.0009406312089413404
424 1.6715713092125952 2.9557632855414796e-06 0.0007308546500280499 0.0009143201168626547
425 1.6713736201636493 2.9521520839637107e-06 0.0007341588689014315 0.0009105355618521571
426 1.6713922102935612 2.9315191060419466e-06 0.0007392472587525844 0.0009158020885661244
427 1.671801251359284 2.966663558012783e-06 0.0007312457049265503 0.0009204348456114531
428 1.6713780416175723 2.9672861628426973e-06 0.0007385932290926576 0.0009172548493370414
429 1.6695466646924615 2.9493556521487108e-06 0.0007259376086294651 0.0009099339600652457
430 1.6742630018852651 2.9637939801574474e-06 0.0007256563240662218 0.0009086433844640851
431 1.6769726392813027 2.9560438054687664e-06 0.000726608831435442 0.000917420662008226
432 1.6773814992047846 2.935278786537765e-06 0.0007316705929115415 0.0009244178747758269
433 1.6763690109364688 2.933834124974055e-06 0.0007309572929516435 0.0009282652521505952
434 1.6745225237682462 2.942614904455354e-06 0.0007286036768928171 0.0009107933938503265
435 1.679523800034076 2.9436599096044347e-06 0.0007287844168022275 0.0009124950505793094
436 1.6782488217577338 2.968974849295591e-06 0.0007384723462164402 0.0009197377692908049
437 1.6743234768509865 2.9360285207502557e-06 0.0007289423374459147 0.0009075229801237583
438 1.6813585408963263 2.929662404227429e-06 0.0007279561273753643 0.0009151867777109146
439 1.6799488933756948 2.946414761808569e-06 0.0007347328448668122 0.0009333660267293453
440 1.6742052589543164 2.927699716579468e-06 0.0007308272495865822 0.0009238027688115836
441 1.682726921979338 2.949330782300308e-06 0.0007331669190898538 0.0009154870314523577
442 1.6770822587423027 2.9308107504988357e-06 0.0007331184018403292 0.0009101392095908523
443 1.671798765193671 2.927658701921132e-06 0.0007245974913239479 0.0009467262541875243
444 1.6854357616975904 2.94111334454783e-06 0.0007293640682473778 0.0009056838229298591
445 1.6758919418789446 2.934754276964213e-06 0.0007371003488078713 0.0009260096168145537
446 1.674241493921727 2.913362619594295e-06 0.0007306326860561967 0.0009359716484323144
447 1.6872455920092762 2.943836403090927e-06 0.00073924033716321 0.0009114587353542447
448 1.6769503932446241 2.918947864998245e-06 0.0007270230259746313 0.0009241402056068182
449 1.6750249061733484 2.9380564430425693e-06 0.0007288280436769128 0.0009109117742627859
450 1.6904819016344845 2.9162046642383645e-06 0.000714245899580419 0.0009093473479151726
451 1.6778924241662025 2.9307944146239607e-06 0.0007120757000520825 0.000903093796223402
452 1.6743808491155505 2.927689046003934e-06 0.0007150456439703703 0.0009051625523716211
453 1.6775373169220984 2.915853123468537e-06 0.0007154930606484413 0.000906029799953103
454 1.673542951233685 2.921798234254425e-06 0.0007151185069233179 0.0009037146717309952
455 1.6749052009545267 2.927719440179999e-06 0.0007212401665747165 0.000913423728197813
456 1.674542241729796 2.9230376176769824e-06 0.0007153510302305221 0.0009128305409103632
457 1.6730253137648106 2.9349270423750794e-06 0.0007189914137125015 0.0009056374616920948
458 1.6736626247875392 2.933616762135216e-06 0.0007143949214369059 0.0009192002331838012
459 1.6727364268153906 2.9147865197387545e-06 0.0007145811701193452 0.0009067612793296576
460 1.6772946221753955 2.9198690775444903e-06 0.0007140367180109024 0.0008983557997271418
461 1.6763354148715734 2.9207131442632317e-06 0.0007122753178700805 0.0009039963269606233
462 1.6750292964279652 2.916433491435555e-06 0.0007113973433151841 0.000909994849935174
463 1.6754058371298015 2.918088813643749e-06 0.0007173562264069915 0.0009112420305609704
464 1.675810547079891 2.9158341980917157e-06 0.0007141962628811598 0.000900096083059907
465 1.6747891600243747 2.9118788124549154e-06 0.0007131655905395746 0.0009046430140733719
466 1.674819329753518 2.926794191395743e-06 0.0007181696929037571 0.0009159973869100213
467 1.6759394300170243 2.9075462140326635e-06 0.0007179313693195581 0.0009037322038784623
468 1.673060383182019 2.9114028177090743e-06 0.0007149986373260617 0.0009035281045362354
469 1.6754532721824944 2.9072875889113447e-06 0.0007151183551177382 0.0009027429157868027
470 1.6762391310185194 2.917322393969357e-06 0.0007186811044812202 0.0009004023112356663
471 1.6748124840669334 2.9117244370979734e-06 0.0007162114214152098 0.0009000607579946518
472 2.9580022441223264 2.8996411171533508e-06 0.0007149132806807757 0.0009058729745447635
473 1.676001694984734 2.913340242187701e-06 0.000717164202593267 0.0009026417136192322
474 1.6756814871914685 2.91443085657761e-06 0.0007242128206416964 0.0009003052581101656
475 1.6729632699862123 2.897689580123597e-06 0.0007151805311441422 0.0009002240188419819
476 1.689253524877131 2.9067065413102e-06 0.0007167516350746155 0.0009081944590434432
477 1.6754657686688006 2.9124116375811582e-06 0.0007176880734041333 0.0009157128585502505
478 1.6744327009655535 2.91454038894301e-06 0.0007163490261882544 0.000902835289016366
479 1.675354850012809 2.900918713066858e-06 0.000719484681263566 0.0009063605684787035
480 1.6762765906751156 2.9039123075591533e-06 0.0007183744702488184 0.000903128432109952
481 1.6780670792795718 2.9080714326568112e-06 0.0007109030047431588 0.000899295792914927
482 1.6750539327040315 2.902310578249967e-06 0.0007145871836692094 0.0009014855045825242
483 1.6742950649932027 2.905626289475549e-06 0.0007151496391743421 0.0009144049230962992
484 1.6729802172631025 2.8962739774129888e-06 0.0007248495612293482 0.0009015427902340889
485 1.6740731671452522 2.901017926113525e-06 0.0007138637248426676 0.0009012217819690705
486 1.67675857571885 2.9154987853985405e-06 0.0007185284877195955 0.0008973529795184732
487 1.6744343382306397 2.907888380292434e-06 0.0007126891165971756 0.0009065916761755944
488 1.6732355002313852 2.899445173554227e-06 0.0007155379001051187 0.0008955406630411744
489 1.6729806209914386 2.9068809799071005e-06 0.0007111117159947752 0.000903502432629466
490 1.6743196211755276 2.9005656004699177e-06 0.00071062733232975 0.0009001006325706839
491 1.6763163385912776 2.906192250620165e-06 0.0007114033270627261 0.0008959035761654377
492 1.6745451516471803 2.9046852389313927e-06 0.0007154192514717579 0.0009010909916833043
493 1.6758229113183916 2.9054087428903586e-06 0.0007166691729798913 0.0009121268056333065
494 1.674490453209728 2.904843519004885e-06 0.0007174019981175661 0.0009020457277074456
495 1.6760889431461692 2.9036628408363185e-06 0.0007111178589984774 0.0008970575965940952
496 1.6723217270337045 2.9029073334641e-06 0.000712793386541307 0.00090427007060498
497 1.6774252043105662 2.9085923456761975e-06 0.0007129455506801605 0.000904562771320343
498 1.6763502559624612 2.901175399898648e-06 0.0007094131587073207 0.0009037591191008687
499 1.673377478029579 2.9051964726534153e-06 0.0007157432949170471 0.0008964715665206313
