Epoch  Time  Train MSE  Train L2  Test L2 
0 0.6877447008155286 0.09733075190335512 0.5674397764205933 0.3214159059524536
1 0.38141999999061227 0.017292680768296122 0.24311922192573548 0.18566142559051513
2 0.379966763779521 0.006896630330011248 0.14472998785972596 0.13316987872123717
3 0.37707569310441613 0.003938855235464871 0.10967583620548248 0.09530412971973419
4 0.37578345788642764 0.002845971080241725 0.0853164849281311 0.07650825440883637
5 0.37749394215643406 0.0022816755500389262 0.07618016815185547 0.06303775072097778
6 0.38169506564736366 0.0017999135272111744 0.06532634335756302 0.05605960726737976
7 0.38040089420974255 0.001536943493410945 0.06274739491939545 0.06003128290176392
8 0.38068265188485384 0.0012046177304000593 0.05378597754240036 0.04960099816322327
9 0.3738922500051558 0.0011500737725873478 0.05392996728420257 0.05628401041030884
10 0.3746275771409273 0.0012448508304078133 0.06078374177217483 0.07845706403255463
11 0.38055623695254326 0.000987542649381794 0.05175085896253586 0.06857141613960266
12 0.37882185401394963 0.0009188474348047748 0.04990766990184784 0.043708626627922055
13 0.3760200161486864 0.0007011418254114687 0.04571354401111603 0.056712708473205566
14 0.4097640081308782 0.000713126424816437 0.04800736540555954 0.04209188014268875
15 0.4039147808216512 0.0007102116505848244 0.04898619377613068 0.04075891762971878
16 0.3832695079036057 0.0005861963052302599 0.043880857408046724 0.035855498313903805
17 0.4206858081743121 0.0006314836494857445 0.044005837738513943 0.033846801221370695
18 0.43745838198810816 0.0004662099838606082 0.03702408242225647 0.04171957045793533
19 0.41833322076126933 0.00048233140070806256 0.03988983857631683 0.04122436255216599
20 0.37893280014395714 0.0005452756531303749 0.042903699219226835 0.047920823097229004
21 0.37678437074646354 0.0004140128710423596 0.03926762676239014 0.042095448970794674
22 0.3805121979676187 0.000654797409370076 0.04931898707151413 0.03464921474456787
23 0.38038385193794966 0.00046335747494595124 0.040265687584877016 0.041638369858264926
24 0.37673137383535504 0.00047504494403256104 0.0417269903421402 0.03485801011323929
25 0.3764376137405634 0.0003184530040016398 0.03384215572476387 0.03503868967294693
26 0.37889434583485126 0.0003339445723395329 0.035050948798656466 0.03060583144426346
27 0.38173745898529887 0.00025912444980349394 0.029866346538066864 0.03318326115608215
28 0.3730687880888581 0.00028190167649881913 0.032552581280469894 0.03724371194839478
29 0.37863464280962944 0.0002823575970251113 0.03221588140726089 0.026505939960479737
30 0.3812605529092252 0.00033596887573366985 0.03532309406995773 0.026988843232393266
31 0.37455875892192125 0.00033492894959636033 0.03517915335297585 0.030024360716342926
32 0.3759811669588089 0.00029360704385908323 0.03385509997606277 0.0390193435549736
33 0.3829961661249399 0.0003681433653400745 0.038043181598186496 0.039245314598083496
34 0.3751057689078152 0.00028148557321401314 0.03334857457876205 0.035062520802021026
35 0.3786710281856358 0.0002617393383115996 0.03213633865118027 0.03379927933216095
36 0.37253173626959324 0.00025652039505075664 0.031105242401361467 0.030565974414348603
37 0.3782386751845479 0.00026688551413826643 0.030607422947883607 0.02782070904970169
38 0.3731450620107353 0.00020513462419330608 0.028083084046840668 0.030505557954311372
39 0.3771235179156065 0.00022696650135912934 0.029608142524957658 0.02926660865545273
40 0.37724266294389963 0.0002026397251756862 0.028208351969718933 0.04173186898231506
41 0.37557682301849127 0.0001925573733751662 0.027226236402988435 0.025210209637880326
42 0.3751586228609085 0.00027184739308722784 0.03309742480516434 0.03414604544639587
43 0.3807777496986091 0.0002300544094759971 0.03094822445511818 0.027539748698472977
44 0.3986767311580479 0.0002464815160783473 0.03015531212091446 0.027439193278551103
45 0.39323651092126966 0.0002125061652623117 0.028669113516807555 0.03467035889625549
46 0.3755007409490645 0.0002124170941533521 0.02951087760925293 0.03126727521419525
47 0.3743912889622152 0.000199731925240485 0.028021848320961 0.025880402624607085
48 0.38120431918650866 0.0002495731249655364 0.031437373608350756 0.03924673557281494
49 0.3790858159773052 0.0003439018079370726 0.03649735140800476 0.034482215046882626
50 0.38621156523004174 0.00010470473858731566 0.019149540334939957 0.020456786155700683
51 0.3923185309395194 0.00013572854782978539 0.022184195905923843 0.025328429192304613
52 0.38401754572987556 9.271157960029086e-05 0.01821999502182007 0.022712216079235077
53 0.38888612389564514 9.540533879771829e-05 0.019533726155757904 0.02095556080341339
54 0.40476382384076715 8.224170829635114e-05 0.01796668168902397 0.021349860727787016
55 0.39849567087367177 7.022811623755843e-05 0.01686776301264763 0.01840492367744446
56 0.37332049291580915 8.66409777518129e-05 0.019189229369163514 0.028129999190568925
57 0.36973757203668356 7.952272451802855e-05 0.01697515730559826 0.023829136937856675
58 0.38563113706186414 0.00011206542414583964 0.021257838755846022 0.017465583831071853
59 0.37611754471436143 7.65210601821309e-05 0.01734414744377136 0.0167979496717453
60 0.3821921548806131 8.350694442924578e-05 0.0179021570533514 0.017110702991485597
61 0.37751684198156 7.143488288420485e-05 0.016422637641429903 0.017314611226320265
62 0.37161307595670223 6.0743804933736104e-05 0.01578968819975853 0.01971812725067139
63 0.3786028390750289 7.494386998587288e-05 0.01697011399269104 0.01637526571750641
64 0.3812999087385833 6.803401091019623e-05 0.01640148802101612 0.017658449560403824
65 0.37241801619529724 6.968151239561849e-05 0.016612966001033784 0.016683472394943236
66 0.38273843470960855 7.553523930255324e-05 0.017188162535429 0.020670757442712785
67 0.3779977560043335 7.079574279487134e-05 0.017206358164548873 0.017732266932725907
68 0.3755696853622794 5.91345303109847e-05 0.014901349306106567 0.020387432277202605
69 0.37542749801650643 6.418721859517973e-05 0.01659239387512207 0.016169189661741256
70 0.3897866909392178 6.937332229426829e-05 0.01707302089035511 0.016035038232803344
71 0.38439652184024453 6.955565579119138e-05 0.01642097321152687 0.016789903640747072
72 0.3822331163100898 7.032916448224569e-05 0.016442882925271986 0.020087505131959914
73 0.38059647800400853 6.919371651747496e-05 0.016458951145410537 0.01894919767975807
74 0.3716847877949476 9.717013883346226e-05 0.0194022998213768 0.025270845592021942
75 0.3780659451149404 6.891747827467043e-05 0.01692175802588463 0.018082273155450822
76 0.379378090146929 6.533873183798278e-05 0.01637839512526989 0.017938836365938186
77 0.37519338773563504 8.332402438099962e-05 0.01807444027066231 0.019827291518449783
78 0.3815311510115862 7.697966822888702e-05 0.01704851631820202 0.017271350026130675
79 0.3870000671595335 7.016596635367022e-05 0.01691523180902004 0.018040508925914765
80 0.37440163688734174 6.605944003240438e-05 0.016530183583498 0.019324126243591307
81 0.37383101182058454 5.450601456686854e-05 0.014572245687246323 0.01438996657729149
82 0.3719012998044491 7.969462472829037e-05 0.01851307839155197 0.022983269393444063
83 0.3769441097974777 6.19942746925517e-05 0.0157445767223835 0.017751900553703306
84 0.3807901763357222 6.049272011296125e-05 0.015807485654950142 0.01758887365460396
85 0.3736949488520622 6.102258455939591e-05 0.015990997344255447 0.01715846985578537
86 0.3806018801406026 8.419158300966956e-05 0.018137615829706192 0.0204458749294281
87 0.37706438917666674 5.671598515618825e-05 0.015319116488099098 0.01980974793434143
88 0.37948155915364623 8.774301655648741e-05 0.018403534322977064 0.020255975127220154
89 0.405186059884727 7.623422861797735e-05 0.017425140917301178 0.025849146097898484
90 0.4140275688841939 9.878249180474086e-05 0.020796576410531998 0.02004681885242462
91 0.3958733808249235 5.7034672536246945e-05 0.015078009724617005 0.016270325630903245
92 0.37470697425305843 5.146380237420089e-05 0.013601613909006119 0.01906704068183899
93 0.37205308489501476 5.393914088926977e-05 0.015071786642074585 0.016246554255485535
94 0.3784236698411405 9.202077500958695e-05 0.01856881721317768 0.021664939373731613
95 0.37875364907085896 5.948853373411112e-05 0.015984059691429138 0.017487740516662596
96 0.38263503182679415 5.0550823707453675e-05 0.014032028600573539 0.019496812522411346
97 0.37842859607189894 5.393109320721123e-05 0.014868835464119911 0.016154340356588363
98 0.37313724867999554 5.425198232842376e-05 0.014801121145486831 0.017222761511802673
99 0.3771428889594972 5.888401243282715e-05 0.015305493697524071 0.015767690390348435
100 0.3762343470007181 3.259987053752411e-05 0.011306821152567863 0.015301112681627274
101 0.37673565838485956 3.276318808275391e-05 0.011471261650323868 0.013381646797060966
102 0.38032425520941615 2.859720601918525e-05 0.01088090217113495 0.011951949447393417
103 0.3708055028691888 2.6138177818211262e-05 0.010200946047902107 0.012937132865190507
104 0.3819188349880278 2.9014124902460025e-05 0.010903704434633255 0.012167918458580972
105 0.37894014129415154 2.190419898397522e-05 0.009556680008769036 0.012227667719125748
106 0.37967922119423747 2.8592646813194734e-05 0.010461741313338279 0.013786608949303628
107 0.4100919640623033 3.421751527639572e-05 0.011899042069911957 0.0179728864133358
108 0.37670763628557324 2.7940063937421655e-05 0.010593798682093621 0.011892252266407013
109 0.37794562615454197 1.9886387572114473e-05 0.009070801749825478 0.012117406129837036
110 0.3752079918049276 2.8147357606940205e-05 0.010761276423931121 0.011799303814768791
111 0.3772721700370312 3.265973764428054e-05 0.011796384394168854 0.01481079488992691
112 0.3760408381931484 3.561047657058225e-05 0.012276150405406952 0.012719832360744476
113 0.3770403191447258 2.60304977564374e-05 0.010323246762156487 0.012414298504590988
114 0.3800216279923916 2.4004691185837144e-05 0.009886453032493591 0.012427159994840621
115 0.38162503810599446 2.4124288975144735e-05 0.010051192551851272 0.013192116096615792
116 0.3753145867958665 2.6118968035007127e-05 0.01031721717119217 0.013464964553713798
117 0.37810258101671934 2.62399464736518e-05 0.010372201457619667 0.015218116790056229
118 0.37623360101133585 2.4705938285478625e-05 0.00986525133252144 0.01237014077603817
119 0.38557560462504625 3.172451079080929e-05 0.011760316327214242 0.013450953364372253
120 0.3738476508297026 2.065433995994681e-05 0.009279814660549163 0.011391745880246162
121 0.378648285754025 2.084660256514326e-05 0.009314611807465553 0.014006545022130012
122 0.37600697996094823 2.4472263085044688e-05 0.009858365565538407 0.013882099241018296
123 0.3822357142344117 2.5692623948998518e-05 0.009912585526704789 0.012860996723175049
124 0.3860959527082741 2.577693867351627e-05 0.010314924985170365 0.012015397250652314
125 0.39721091696992517 2.6360252377344295e-05 0.010291838631033898 0.012559193298220634
126 0.4155227690935135 2.0995262148062465e-05 0.009463294714689255 0.01216717205941677
127 0.45122192800045013 2.2749348663637646e-05 0.009662339970469475 0.01711458519101143
128 0.44670700281858444 2.5685580130812013e-05 0.010351531639695167 0.014746299013495445
129 0.37355220690369606 2.7587429794948548e-05 0.010658499255776405 0.012142746224999428
130 0.3748925649560988 2.038620745224762e-05 0.009525147899985313 0.012366191893815994
131 0.38277871115133166 2.4743184076214676e-05 0.010097475543618202 0.012318105325102807
132 0.3830697648227215 3.136460885798442e-05 0.01133936035633087 0.013303978741168976
133 0.37604835722595453 2.554774866439402e-05 0.010257120594382286 0.01525430753827095
134 0.37323165917769074 3.142511794067104e-05 0.011382760033011436 0.012395716607570648
135 0.37640790874138474 2.255803843581816e-05 0.009798263877630234 0.013774968758225441
136 0.3710961961187422 2.5489511417617906e-05 0.010404344230890273 0.015301214307546615
137 0.37295353319495916 2.5660765440989053e-05 0.010539010182023049 0.014654091745615005
138 0.3806633921340108 2.4283267030114076e-05 0.010096674039959907 0.013591537326574326
139 0.3868433558382094 2.6501281136006584e-05 0.010471726030111313 0.011703877821564674
140 0.38473557587713003 2.285983073306852e-05 0.009980526193976403 0.01562067300081253
141 0.39000295009464025 2.8453167906263844e-05 0.010961168095469475 0.01189822867512703
142 0.39179191878065467 2.1727015118813144e-05 0.009485237687826156 0.01595746532082558
143 0.37949695717543364 3.212068584616645e-05 0.011632660925388337 0.012003602162003517
144 0.39116969099268317 2.959948539682955e-05 0.010571738824248314 0.011235106363892555
145 0.38293335400521755 2.249099079563166e-05 0.009669557064771652 0.014530233591794967
146 0.38566733011975884 2.4324036112375324e-05 0.010163806676864624 0.015762098282575607
147 0.39011368015781045 2.1825705725859735e-05 0.009574792012572289 0.014758151471614838
148 0.47049996769055724 2.2701882717228727e-05 0.00960353760421276 0.011665073260664939
149 0.4588521649129689 1.9052048101002585e-05 0.009021201252937316 0.011924974173307418
150 0.41211466398090124 1.6546705337532332e-05 0.008248543538153172 0.010803391858935356
151 0.3933308543637395 1.2442985134839546e-05 0.007327591858804226 0.010077414587140083
152 0.3905672347173095 1.4105291811574716e-05 0.007736486256122589 0.011171462759375573
153 0.4005822967737913 1.3064911599940388e-05 0.007739872679114342 0.010255949422717094
154 0.4041982935741544 1.2269208436919143e-05 0.007440212443470955 0.01111091710627079
155 0.387686382047832 1.2706335273833248e-05 0.007515163362026215 0.01077676460146904
156 0.3976267073303461 1.555881218337163e-05 0.00809224769473076 0.01170483000576496
157 0.3877324741333723 1.2299955224079894e-05 0.007246851556003094 0.01090227410197258
158 0.42020086105912924 1.1482947393233189e-05 0.007258799441158772 0.010110303163528442
159 0.43694262905046344 1.1125792525490397e-05 0.00696209492534399 0.010748768001794815
160 0.42916206270456314 1.0579429963399889e-05 0.006903273537755012 0.011820324063301087
161 0.39276978885754943 1.2117842261432089e-05 0.007327077656984329 0.010791936814785004
162 0.39768971828743815 1.2346809335213038e-05 0.007582974530756474 0.011079712510108948
163 0.3954362189397216 1.2986740021005971e-05 0.007746000111103058 0.01225722312927246
164 0.3892857600003481 1.3057796741122729e-05 0.007778674520552158 0.010306114703416825
165 0.39388876175507903 1.1051064857383608e-05 0.006934494778513908 0.011168966963887215
166 0.3873946741223335 1.098420521884691e-05 0.007017676331102848 0.009928673803806305
167 0.39123346703127027 1.0604799053908209e-05 0.006827435068786144 0.010379593074321746
168 0.39843830885365605 1.227374483278254e-05 0.007415729247033596 0.010135979056358338
169 0.398031503893435 1.2630907203856623e-05 0.0075617308989167215 0.010070094242691993
170 0.3939249748364091 1.0146118393095094e-05 0.006781767331063748 0.010642217993736268
171 0.3900572615675628 1.0440887044751435e-05 0.006884537622332573 0.009484449923038483
172 0.38875569123774767 9.588398925188812e-06 0.006542452350258827 0.009804498180747032
173 0.38422304205596447 1.2581629207488731e-05 0.007587237313389778 0.010314119681715965
174 0.3860973152332008 1.0100775170940324e-05 0.006661754734814167 0.010937511175870895
175 0.3788086408749223 1.0529030287216301e-05 0.006805018529295922 0.010211985558271408
176 0.38249770225957036 1.2878210018243408e-05 0.007679306671023369 0.010897487550973892
177 0.3849162752740085 1.2522829774752608e-05 0.007511954143643379 0.011215010061860084
178 0.38930865516886115 1.2809094041585922e-05 0.007649135828018188 0.010792001411318778
179 0.3897003047168255 1.2832043476009858e-05 0.007190912812948227 0.01061778500676155
180 0.38392218109220266 1.2040935025652289e-05 0.007326575949788094 0.01183741182088852
181 0.3920857971534133 1.5402169010485524e-05 0.008104156740009784 0.01139978289604187
182 0.3862092960625887 1.0884026114581502e-05 0.006943544611334801 0.00992682971060276
183 0.3857153682038188 1.0888881370192393e-05 0.006872953094542026 0.010369453057646751
184 0.3906285148113966 1.0068741485156352e-05 0.00669182538986206 0.010709527805447578
185 0.3881412912160158 1.017631274407904e-05 0.006861808806657791 0.009831557497382164
186 0.3860103143379092 1.01378074123204e-05 0.006842780381441116 0.010514536127448081
187 0.38731388188898563 1.2045558696627267e-05 0.007625156797468662 0.010583511292934418
188 0.39025224605575204 1.6767319739301456e-05 0.008864756345748901 0.012550561204552651
189 0.3920916737988591 1.4292969481175533e-05 0.007723575085401535 0.010090350657701492
190 0.38232420291751623 1.1464080944278977e-05 0.007228547699749469 0.011657028570771217
191 0.4006338631734252 1.2987935351702617e-05 0.007469729498028755 0.0100084288418293
192 0.3825871841982007 9.392456067871535e-06 0.006604903489351273 0.00979316882789135
193 0.3930322118103504 1.1224762406527589e-05 0.006887401320040226 0.011341432854533196
194 0.38683314016088843 1.1617021264100914e-05 0.007219925582408905 0.010089754164218902
195 0.38951192470267415 1.0836569990715362e-05 0.007177539169788361 0.010684453547000886
196 0.39122606720775366 1.0724833318818127e-05 0.006997855201363564 0.009784014225006103
197 0.3808095562271774 9.332272375104367e-06 0.006441411621868611 0.009737507477402686
198 0.388116795103997 1.040597667270049e-05 0.006983428835868836 0.0103828514367342
199 0.3909435239620507 1.074157649782137e-05 0.007031461156904698 0.010874666944146157
200 0.3797968840226531 9.63496601798397e-06 0.006514786630868912 0.00994938164949417
201 0.39907051995396614 7.054462839732878e-06 0.005727478384971619 0.009158458039164543
202 0.3983434271067381 7.29926081476151e-06 0.005811108119785786 0.00940672479569912
203 0.44547174125909805 6.717812220813358e-06 0.00563523431867361 0.009337657392024993
204 0.4303120719268918 7.598410666105337e-06 0.00585296368598938 0.009484267756342889
205 0.3883172059431672 6.988957047724398e-06 0.005679652415215969 0.009604576975107193
206 0.37793197808787227 7.049158944028022e-06 0.005726681038737297 0.009493424743413924
207 0.39195580780506134 7.373815205937717e-06 0.005762760229408741 0.009194257557392121
208 0.38907925179228187 6.719778775732266e-06 0.005565498128533363 0.009978199899196625
209 0.39667897718027234 7.576132393296575e-06 0.00590850655734539 0.009626764357089996
210 0.379250745754689 6.6172602737424315e-06 0.005535069681704044 0.009391990005970002
211 0.3762633930891752 6.583738349945634e-06 0.005541826270520687 0.009414028525352478
212 0.37016592221334577 6.9524620812444485e-06 0.005691866099834442 0.009202319160103799
213 0.3699615797959268 7.099224567355122e-06 0.005773989878594875 0.009905355721712113
214 0.3662672871723771 7.039886168058729e-06 0.005723774872720242 0.009449011534452439
215 0.36749238800257444 6.948085615476884e-06 0.00560820859670639 0.00957769200205803
216 0.3712772987782955 6.518684685943299e-06 0.005500913910567761 0.00945661261677742
217 0.3780357032082975 7.387189762084745e-06 0.005811479844152928 0.009399470314383507
218 0.3728026859462261 6.739156156072567e-06 0.005588533267378807 0.00934124805033207
219 0.3709571356885135 6.259674037210061e-06 0.005439562052488327 0.00938559241592884
220 0.37283240212127566 6.6276981715418515e-06 0.005555555254220962 0.00915154792368412
221 0.3711562999524176 6.643000933763687e-06 0.005552949726581573 0.009362494722008705
222 0.3791058580391109 6.937600824130641e-06 0.0056874965503811836 0.009414597004652024
223 0.39600725611671805 6.590568887077097e-06 0.005636049345135689 0.009365222975611686
224 0.3928322223946452 6.65060294977593e-06 0.005489566616714001 0.009195818305015565
225 0.3856700509786606 6.797366022510687e-06 0.005634843431413174 0.010039115995168687
226 0.38345643831416965 6.750537859261385e-06 0.005609655201435089 0.01071708582341671
227 0.39565665321424603 6.913307929607981e-06 0.005695677690207958 0.009153467640280723
228 0.3876246209256351 6.761270101378613e-06 0.0055789508745074275 0.009989685416221618
229 0.3923597331158817 6.773421059733664e-06 0.005602054506540299 0.009585257694125176
230 0.38741037901490927 6.801683266530745e-06 0.00570088066905737 0.009711731225252151
231 0.38727670116350055 7.137726852306514e-06 0.005797120407223701 0.009611773863434791
232 0.3900352418422699 6.632146337324229e-06 0.005643075689673423 0.00931329220533371
233 0.39089821791276336 6.1372853542707165e-06 0.005365727536380291 0.009529868885874749
234 0.3978715571574867 6.730361556037678e-06 0.0056530158519744874 0.009317045286297797
235 0.3879632633179426 6.762059542779752e-06 0.005650348842144013 0.009036343395709991
236 0.37998146284371614 6.534726931022306e-06 0.005578068107366562 0.009826052263379096
237 0.39296558033674955 8.668526083965844e-06 0.006415740177035331 0.00923838622868061
238 0.381514806766063 6.157342272672395e-06 0.0054046612903475766 0.009264089465141297
239 0.3899209387600422 6.098071780797909e-06 0.0053018732219934465 0.009128300473093987
240 0.3928288691677153 6.710000579914777e-06 0.005580322585999966 0.00939356952905655
241 0.391506009735167 7.35153162622737e-06 0.005708414405584335 0.009960611462593078
242 0.3777396809309721 6.7294518385097035e-06 0.00555719168484211 0.009552406743168831
243 0.3871982879936695 6.659383466285362e-06 0.005484511531889439 0.009171396717429161
244 0.3946753670461476 6.9133811939536825e-06 0.0056145309060812 0.009374434649944306
245 0.3933549541980028 7.2757787575028485e-06 0.005774057947099209 0.009604925811290741
246 0.3875923929736018 6.580207641491143e-06 0.0056088314130902294 0.009477931708097458
247 0.3907863609492779 6.094381719776721e-06 0.005379041276872158 0.009379207342863082
248 0.392090714070946 5.891447426620289e-06 0.005275145187973976 0.00907947562634945
249 0.39492112025618553 6.620322983508231e-06 0.005585185699164868 0.009103517085313796
250 0.39060466177761555 5.1447399346216115e-06 0.004928196050226688 0.009001529067754746
251 0.39377762703225017 5.247249405329058e-06 0.004970002330839634 0.009028353318572045
252 0.40278793638572097 5.4904900207475294e-06 0.0050713297203183174 0.009044020548462867
253 0.3866263199597597 5.129305845912313e-06 0.004894349738955498 0.009238039776682853
254 0.39485697029158473 5.499066214724735e-06 0.0051374371200799945 0.009461551383137702
255 0.3873271723277867 5.269006373964658e-06 0.004971940234303474 0.008854665085673332
256 0.3868248541839421 5.156640668246837e-06 0.004877230376005173 0.008949880301952363
257 0.38965325616300106 4.98884602166072e-06 0.004852472133934498 0.008941738158464432
258 0.3849282041192055 5.15803057623998e-06 0.004962646685540676 0.009399153962731362
259 0.3881772686727345 5.339486938282789e-06 0.005069198779761791 0.009169066399335861
260 0.40310051664710045 4.966820879417355e-06 0.004875107944011688 0.0089774539321661
261 0.38955817371606827 5.076854749859194e-06 0.0049082541391253474 0.00890605628490448
262 0.392650730907917 5.130919171278947e-06 0.0049598881602287296 0.008996500819921493
263 0.38669658079743385 5.487857424668618e-06 0.005095101252198219 0.009014537259936332
264 0.38524453015998006 5.0658954432947215e-06 0.004949057124555111 0.008897809535264969
265 0.38902381295338273 5.389221273617295e-06 0.0050402675271034245 0.008948319330811501
266 0.396965732332319 5.1772760025414755e-06 0.004917978465557098 0.00876547284424305
267 0.4194694026373327 5.086050355203042e-06 0.004862168870866298 0.008925243765115737
268 0.4259498049505055 5.020171893193037e-06 0.004888550780713558 0.008955234661698341
269 0.3970809821039438 5.030193815400707e-06 0.004847968362271786 0.00894912615418434
270 0.39292545011267066 5.494745778378274e-06 0.005088665157556534 0.008965914621949195
271 0.3915057457052171 4.930273867103097e-06 0.004861676633358002 0.00887945719063282
272 0.3961455849930644 4.954255073243985e-06 0.0048587493896484375 0.009044215753674508
273 0.3827920248731971 4.872878730566299e-06 0.00483288686722517 0.008856144994497299
274 0.3954461021348834 5.529097388716764e-06 0.005164161860942841 0.008853569328784942
275 0.38687744410708547 4.867566954089852e-06 0.004821992240846157 0.008769538626074791
276 0.3929539858363569 4.872865342804289e-06 0.004809881791472435 0.008711810708045959
277 0.38964745681732893 4.826363037864212e-06 0.004815567575395107 0.009110565781593322
278 0.38898210413753986 5.0860851024481235e-06 0.004915446914732456 0.009014647006988525
279 0.3870788309723139 5.233844231042894e-06 0.004998282328248024 0.009048180729150772
280 0.38871569093316793 5.440551472020161e-06 0.0050789848193526265 0.009251539260149003
281 0.3897932111285627 5.2015312894582164e-06 0.004957865163683892 0.008880001679062843
282 0.38578397734090686 5.112573530823283e-06 0.0049578511640429495 0.009086531177163125
283 0.3956043659709394 5.030238298786571e-06 0.004874370358884335 0.008911558091640473
284 0.38825043896213174 4.92182545713149e-06 0.004863227218389511 0.00896768569946289
285 0.3905625091865659 5.256074809949496e-06 0.005014686800539493 0.008942232951521873
286 0.38237432995811105 5.3941971145832214e-06 0.0050869411453604695 0.008788653537631036
287 0.3930759849026799 4.766204351653869e-06 0.00471938007324934 0.008824476301670074
288 0.38538626208901405 4.710254379460821e-06 0.0047383707016706465 0.009028896689414978
289 0.3887949879281223 4.774326944243512e-06 0.0047705314755439755 0.008828599527478219
290 0.38614585530012846 4.952403583047271e-06 0.004859242290258407 0.008757155239582062
291 0.3823322127573192 4.978210831723118e-06 0.0048356766998767856 0.008813736662268638
292 0.383543130941689 4.7614224422432015e-06 0.004762764744460583 0.008749883994460106
293 0.39047945057973266 4.681693935708608e-06 0.004750563502311706 0.008735136017203332
294 0.4024960077367723 4.9480211464469905e-06 0.0048553871586918835 0.008977296426892281
295 0.41964787896722555 5.06980390582612e-06 0.004949218966066838 0.008996085971593857
296 0.3865227000787854 5.240535679149616e-06 0.004875606939196587 0.00888267531991005
297 0.38955404702574015 5.897626997466432e-06 0.005419508792459965 0.009347696900367736
298 0.3820292358286679 4.88908837269264e-06 0.0047916614338755605 0.008961952775716781
299 0.39130545407533646 5.181273404559761e-06 0.004981665953993798 0.009323625341057778
300 0.3946408946067095 4.3776666279882196e-06 0.004547841399908065 0.008816639110445976
301 0.3852584073320031 4.278823903405282e-06 0.0045235794633626935 0.00881379134953022
302 0.3849081234075129 4.294476352697529e-06 0.0045470684245228765 0.00873769573867321
303 0.38686995208263397 4.775131396854704e-06 0.004734588891267776 0.008972803577780724
304 0.3875006311573088 4.764033319588634e-06 0.004801232054829597 0.008916792273521424
305 0.3912608092650771 4.26127210175764e-06 0.0045119416192173955 0.008783376589417458
306 0.3879904877394438 4.349268178884813e-06 0.004559808619320393 0.008864287063479423
307 0.3901121513918042 4.39412443938636e-06 0.004567264407873153 0.008622811287641525
308 0.39590695919469 4.431458592080162e-06 0.0045298758074641225 0.008741730451583862
309 0.40060492791235447 4.427495896379696e-06 0.004579278640449047 0.00878499761223793
310 0.3969690529629588 4.255850217305124e-06 0.004472673118114471 0.008755999058485031
311 0.38474719086661935 4.213455090393836e-06 0.004494903169572353 0.008750966116786003
312 0.39290325390174985 4.3017488860641605e-06 0.004502482190728188 0.008748947978019714
313 0.40531839011237025 4.152499527663167e-06 0.004458013013005257 0.008783538118004799
314 0.3922808151692152 4.17165844964984e-06 0.004435439743101597 0.00866653472185135
315 0.38736799778416753 4.263719119990128e-06 0.004479291997849941 0.008874832168221474
316 0.41550164204090834 4.251721311447909e-06 0.004488874167203903 0.008697067648172378
317 0.38879000721499324 4.324157157498121e-06 0.004506006442010403 0.00869951345026493
318 0.3869146737270057 4.3542507046367975e-06 0.004559560067951679 0.008730055391788482
319 0.38668521493673325 4.198473543510773e-06 0.004457577675580978 0.008807756677269936
320 0.379231333732605 4.149469414187479e-06 0.004455581873655319 0.008743062391877174
321 0.3901224648579955 4.308535762902466e-06 0.004537167727947235 0.00868632860481739
322 0.3905450850725174 4.405104059514997e-06 0.004590100817382336 0.008681917414069176
323 0.38141985470429063 4.258091021256405e-06 0.004470002166926861 0.008719056472182274
324 0.3861505822278559 4.221716117172036e-06 0.004476656876504421 0.008630277663469315
325 0.3819410875439644 4.1948046509787675e-06 0.004447284929454327 0.008878605887293816
326 0.39289442310109735 4.218674721414573e-06 0.004500097200274468 0.00861747309565544
327 0.38441717298701406 4.331349955464247e-06 0.004532071933150292 0.008731174916028976
328 0.38606491405516863 4.297798391235119e-06 0.00448041471093893 0.008613855838775634
329 0.38927817484363914 4.284727842787106e-06 0.004464580506086349 0.008666427433490753
330 0.38801699969917536 4.2806698320418944e-06 0.004492595739662647 0.008686239123344422
331 0.4289173502475023 4.1344872488480175e-06 0.004423414662480354 0.008737370893359185
332 0.4676975072361529 4.341511526035902e-06 0.004588321231305599 0.0086472250521183
333 0.44439601385965943 4.291189104606019e-06 0.00450574541836977 0.008647705689072608
334 0.4194956561550498 4.182770494480792e-06 0.004429911129176616 0.008710555583238602
335 0.3754450250416994 4.094552700735221e-06 0.004409925736486912 0.008701945692300796
336 0.3868733490817249 4.17249887050275e-06 0.0044367116242647175 0.008659474179148674
337 0.39072722289711237 4.3385003846196924e-06 0.004526955239474773 0.008759130686521531
338 0.3856951789930463 4.406293924148486e-06 0.004581337302923203 0.008692281618714333
339 0.38362745521590114 4.418723574417527e-06 0.004531089290976524 0.008677298203110695
340 0.38284869818016887 4.127839006287104e-06 0.004414119742810726 0.008716173693537712
341 0.38869839906692505 4.437774246071058e-06 0.004635712459683418 0.008733235821127892
342 0.38665254786610603 4.25062020894984e-06 0.00450673545897007 0.008730674088001251
343 0.38837726693600416 4.0701875059312444e-06 0.004372450195252895 0.008555760532617569
344 0.39739356795325875 4.234951443322644e-06 0.0044800410717725754 0.008706403598189354
345 0.37975340988487005 4.193440186099906e-06 0.004468524493277073 0.008634109199047089
346 0.3859314532019198 4.161559540989402e-06 0.004428121849894524 0.008590818718075752
347 0.3857095977291465 4.234858060954138e-06 0.004460152454674244 0.008613074272871018
348 0.3758161682635546 4.13961099638982e-06 0.00441656992956996 0.008613417819142342
349 0.3827026919461787 4.178239837528963e-06 0.004469004161655903 0.008681111782789231
350 0.37899470515549183 3.975539175371523e-06 0.004301240250468254 0.00870928429067135
351 0.3891396280378103 4.007656166322704e-06 0.004349028415977955 0.008561936765909195
352 0.3810118096880615 3.938474169444816e-06 0.0042885466441512105 0.00859894298017025
353 0.3856801697984338 3.887571613176988e-06 0.004272412121295929 0.008708624094724655
354 0.39525843411684036 3.924790385099186e-06 0.004324931923300028 0.008679790943861008
355 0.38198576495051384 4.005984642390104e-06 0.004356322064995766 0.008631436079740524
356 0.390824262984097 3.994567080098932e-06 0.004362101271748543 0.008570670038461686
357 0.3861787118948996 3.960281687795941e-06 0.0043451753631234165 0.008571638464927674
358 0.3813971490599215 3.861013910864131e-06 0.004274151541292667 0.00856668822467327
359 0.39359412202611566 3.95805262542126e-06 0.004320047214627266 0.008604059591889382
360 0.38703431701287627 3.963409117204719e-06 0.0043297335729002955 0.008651129230856895
361 0.39368594996631145 3.882553353378171e-06 0.0042722786702215675 0.008552013337612152
362 0.38750098505988717 3.907948689629848e-06 0.0043257374167442325 0.008570744767785072
363 0.41400197613984346 3.937172104997444e-06 0.0043037101104855535 0.00868967555463314
364 0.40256613306701183 3.845772218937782e-06 0.004276228114962578 0.008633492290973663
365 0.39578439528122544 3.9296628028751004e-06 0.00431195604801178 0.008685145303606987
366 0.38807922089472413 3.886700608290994e-06 0.004297593683004379 0.00859611302614212
367 0.3951515341177583 3.850779355616396e-06 0.004269442707300186 0.008628018721938134
368 0.3905587359331548 3.805722999459249e-06 0.004265232928097248 0.008565708324313163
369 0.3817393877543509 3.9262035670617476e-06 0.004340574614703655 0.00863895907998085
370 0.3840050748549402 3.8782689671279515e-06 0.004259532310068607 0.008564246445894241
371 0.3867194764316082 3.8282177683868214e-06 0.004265951432287693 0.008573992177844048
372 0.38048087200149894 3.856630582959042e-06 0.00427881933003664 0.008693034797906875
373 0.38782220892608166 3.833460746136552e-06 0.004256256956607103 0.0085755455493927
374 0.3883463516831398 3.844094087526173e-06 0.004255477391183376 0.008629809096455575
375 0.38547997269779444 3.8610062802035825e-06 0.004268754824995995 0.008594799190759658
376 0.37947014858946204 3.8382586944862855e-06 0.004251288153231144 0.008553812503814697
377 0.390076220035553 3.943549511404854e-06 0.004345507178455591 0.008639701306819916
378 0.38504541106522083 3.860381198137474e-06 0.00428806671500206 0.008539839684963225
379 0.43014685437083244 3.859044622913643e-06 0.004262986436486245 0.008700762689113618
380 0.455897965002805 3.9775709865352836e-06 0.004325957112014294 0.00868325613439083
381 0.4687172379344702 3.875207244163903e-06 0.004262369558215141 0.008529452607035637
382 0.46237440686672926 3.854433396099921e-06 0.0042698363810777665 0.008607016950845718
383 0.4280095580033958 3.804609498274658e-06 0.004233476653695107 0.008628052920103072
384 0.3825754960998893 3.837817555449874e-06 0.004245963353663683 0.008688564896583557
385 0.3869774639606476 3.892014856319292e-06 0.004294541507959366 0.008550916910171508
386 0.3819582718424499 3.7954209574309062e-06 0.004242346830666066 0.00862467184662819
387 0.3823553379625082 3.82266364795214e-06 0.004244685739278793 0.00854383297264576
388 0.3815190573222935 3.85531351184909e-06 0.004275613538920879 0.008614788576960564
389 0.3840943109244108 3.836699331714044e-06 0.004259750194847584 0.008545737341046333
390 0.3909164806827903 3.879067753587151e-06 0.004308944880962372 0.008635404855012893
391 0.38523179199546576 3.891772266797489e-06 0.004274211466312409 0.008657561764121056
392 0.3820953918620944 3.993826508121856e-06 0.004373902678489685 0.00857686810195446
393 0.375317492056638 3.887688819759205e-06 0.004280467487871647 0.008756874799728394
394 0.3782159988768399 3.840626607143349e-06 0.004263427067548037 0.008490102663636208
395 0.39429903076961637 3.954467129005934e-06 0.004300292767584324 0.008790251314640046
396 0.3776207007467747 3.924828140497994e-06 0.0043013904541730884 0.008545902371406556
397 0.38231568969786167 3.8082210176071385e-06 0.004250804610550404 0.008509334772825242
398 0.40621089097112417 3.919713763025357e-06 0.004275041773915291 0.008646792918443679
399 0.40061265090480447 3.858729633066104e-06 0.004282521791756153 0.008589565455913543
400 0.3883456801995635 3.7201442410150777e-06 0.004184406865388155 0.008570347055792809
401 0.379388433881104 3.734018275736162e-06 0.004185562625527382 0.00859274812042713
402 0.38121003471314907 3.712618649842625e-06 0.0041829410195350645 0.008553990870714187
403 0.38585615111514926 3.6768324935110287e-06 0.004159009277820587 0.008529133424162864
404 0.37752261431887746 3.6994282959312843e-06 0.0041822025589644905 0.008578334525227547
405 0.3818736136890948 3.7052961943118135e-06 0.004188895888626576 0.008609076514840126
406 0.37833277927711606 3.72477093605994e-06 0.004175374701619148 0.00855063572525978
407 0.3821613388136029 3.697221063703182e-06 0.004175978153944016 0.008483533933758735
408 0.3786474736407399 3.6875902787869565e-06 0.004171082273125648 0.008574560061097145
409 0.38136743288487196 3.7189286786087907e-06 0.004178208962082863 0.00860028438270092
410 0.38835230097174644 3.7468625828296354e-06 0.004200276628136635 0.008553921803832054
411 0.37932566925883293 3.670471808163711e-06 0.004151803608983755 0.008527873307466507
412 0.3889211378991604 3.718277553161897e-06 0.004188080500811339 0.008527233824133873
413 0.4096505269408226 3.6820605191678623e-06 0.004153415981680154 0.008541787713766099
414 0.3910559262149036 3.7400405926746317e-06 0.0041965901106596 0.008521897494792938
415 0.3768021399155259 3.6910098674525216e-06 0.004165462847799063 0.008514668345451355
416 0.3842605403624475 3.695599493767077e-06 0.004163971699774265 0.008545581921935082
417 0.3866472118534148 3.713018927555822e-06 0.004175700176507234 0.00856066808104515
418 0.3792557599954307 3.701697555698047e-06 0.004200624257326126 0.00860259249806404
419 0.3785760370083153 3.6834029060628383e-06 0.004169935245066881 0.008481523543596268
420 0.3847190150991082 3.661040298084117e-06 0.004156335391104222 0.008537218421697617
421 0.38011799938976765 3.656144060641964e-06 0.0041575593426823616 0.008557759746909142
422 0.3828810742124915 3.7014303870819276e-06 0.004159069776535034 0.008743199482560159
423 0.3833958599716425 3.6728800500895884e-06 0.004165983024984598 0.008557302132248878
424 0.3829239499755204 3.697962088153872e-06 0.004166145488619805 0.008493427932262421
425 0.37997146183624864 3.6898427151754733e-06 0.004158411372452975 0.008471799343824386
426 0.37659963592886925 3.712674429152685e-06 0.00418095763027668 0.008568895384669303
427 0.38407022692263126 3.698632485793496e-06 0.004161724306643009 0.008554843440651893
428 0.38247371511533856 3.752280795197294e-06 0.004200766824185848 0.0085153678804636
429 0.3801089492626488 3.699315179801488e-06 0.004175995297729969 0.008600026816129685
430 0.37764115631580353 3.7241824065858963e-06 0.004172639269381761 0.008559052497148514
431 0.38612364372238517 3.6992349555475813e-06 0.0041727468594908715 0.008493109196424485
432 0.37453159783035517 3.652644268186123e-06 0.004141815051436425 0.00855812281370163
433 0.3775221831165254 3.7134500189495157e-06 0.004166423015296459 0.008525469452142715
434 0.38451946061104536 3.680076101773011e-06 0.004163963735103607 0.008586194813251496
435 0.3872196339070797 3.7060774025121644e-06 0.004195260964334011 0.008531336560845376
436 0.3816148550249636 3.711082204063132e-06 0.00416882736235857 0.008549600169062614
437 0.3815977140329778 3.685310846321954e-06 0.004162787664681673 0.008509233891963959
438 0.3812607149593532 3.7023696950200245e-06 0.004172045603394508 0.008530990704894065
439 0.3994418838992715 3.6856312635791257e-06 0.004157355256378651 0.008482540920376778
440 0.3983742301352322 3.753696141757246e-06 0.004199921619147062 0.008609033972024917
441 0.3921247338876128 3.6992957348047638e-06 0.004186778172850609 0.008527474850416184
442 0.3852163618430495 3.6851757522526894e-06 0.004173008501529693 0.008504428490996361
443 0.3844666173681617 3.6771378904632003e-06 0.00416237148270011 0.00854105107486248
444 0.38427773816511035 3.6920911543347755e-06 0.004164239451289177 0.008632473945617676
445 0.38531337585300207 3.7012208395026392e-06 0.004190977402031421 0.008496645241975784
446 0.40589330485090613 3.674504555419844e-06 0.004158448290079832 0.00849529005587101
447 0.41628754045814276 3.6839136282651453e-06 0.004154355566948652 0.008531777784228325
448 0.41036427300423384 3.678594457596773e-06 0.004163284610956907 0.008544751405715943
449 0.37952636182308197 3.6589598221326015e-06 0.004134915731847286 0.00855862744152546
450 0.37937386613339186 3.622975909820525e-06 0.004125048287212849 0.008544819578528404
451 0.39250936917960644 3.6119494370723258e-06 0.004119496047496796 0.008548409938812255
452 0.3863811600022018 3.603145880788361e-06 0.00411453701928258 0.008525105267763138
453 0.3836707388982177 3.6064988671569153e-06 0.004115628052502871 0.00851272165775299
454 0.3797423839569092 3.6046433979208815e-06 0.004108175799250603 0.008526783436536789
455 0.38526893267408013 3.600714690037421e-06 0.004108275502920151 0.008513948693871499
456 0.3844482391141355 3.587824839996756e-06 0.00411054278537631 0.00853170096874237
457 0.38039390789344907 3.621139171627874e-06 0.004119011182337999 0.00851087361574173
458 0.3976855711080134 3.5990455626233596e-06 0.0041020926460623745 0.008549878671765328
459 0.3819618751294911 3.603648474381771e-06 0.004113930620253086 0.008566900491714477
460 0.37830834090709686 3.604749038004229e-06 0.004117832027375698 0.008553630560636521
461 0.38537733908742666 3.6038970483787125e-06 0.004113817248493433 0.008510913625359535
462 0.38696252880617976 3.6125874294157254e-06 0.004114731773734092 0.008506995514035226
463 0.3813042351976037 3.6200581575940306e-06 0.004119259133934974 0.008468766957521438
464 0.37843679497018456 3.6100191391597036e-06 0.004127662505954504 0.0084965281188488
465 0.3860606770031154 3.5862249637830245e-06 0.004100428763777018 0.008488500341773033
466 0.386091988068074 3.5999515284856897e-06 0.004113624066114425 0.008500043824315072
467 0.38482244219630957 3.598619630338362e-06 0.004117583338171244 0.008536651208996772
468 0.37510400731116533 3.6030280170962216e-06 0.004107195340096951 0.008546813577413558
469 0.39284338615834713 3.6704666445075417e-06 0.004148731652647257 0.008560287952423095
470 0.3818044839426875 3.5881900907952513e-06 0.004109495922923088 0.008494059741497039
471 0.3795354161411524 3.593779247239581e-06 0.004100521259009838 0.008540381267666817
472 0.3831777758896351 3.6071481440558274e-06 0.004107217490673065 0.008515648171305656
473 0.3903975407592952 3.621986406869837e-06 0.004121746808290481 0.008499496206641198
474 0.3853388139978051 3.596505771383818e-06 0.0041057619526982305 0.008461363166570663
475 0.38172596180811524 3.5993538631373665e-06 0.0041056241951882835 0.008489286080002784
476 0.37792956503108144 3.574764996301383e-06 0.004105280570685863 0.008503736332058906
477 0.3922043605707586 3.5864156279785676e-06 0.004097823403775692 0.008505600318312646
478 0.37997507909312844 3.583748282380839e-06 0.004100529313087463 0.0085176020860672
479 0.3815362909808755 3.5803474429485505e-06 0.004092787716537714 0.008473307490348816
480 0.3817067970521748 3.592912651129154e-06 0.004108455523848534 0.008529214635491372
481 0.3782535712234676 3.589872999327781e-06 0.004100116476416588 0.00851852722465992
482 0.375083948019892 3.5832620778819545e-06 0.004106637060642243 0.008495629727840424
483 0.37981225829571486 3.5900991497328503e-06 0.004103122148662806 0.00855373352766037
484 0.37717295018956065 3.591155486901698e-06 0.004109735824167729 0.008506495282053947
485 0.38918765913695097 3.5992933567285945e-06 0.004103542968630791 0.008480930849909783
486 0.39217131305485964 3.6038905204804907e-06 0.004109799686819315 0.008476304039359093
487 0.38063333882018924 3.5800942714558912e-06 0.00409235255047679 0.008593574166297913
488 0.38435687217861414 3.569994833014789e-06 0.004095797423273325 0.008528827354311944
489 0.3856890522874892 3.5957322847934847e-06 0.004106678616255522 0.00850627303123474
490 0.38494624802842736 3.5890312437913962e-06 0.004100815035402775 0.00854326106607914
491 0.38657609978690743 3.5871107365892384e-06 0.004094291500747204 0.00847527377307415
492 0.3779102540574968 3.575042621832836e-06 0.00410155951231718 0.008503126353025437
493 0.3852752521634102 3.6190842456562677e-06 0.004113525681197643 0.008567054122686386
494 0.3816081159748137 3.5795328176391195e-06 0.004094463601708412 0.008556619510054589
495 0.38284791307523847 3.592579428186582e-06 0.004107767462730408 0.008494749069213867
496 0.38185323402285576 3.5894016446036405e-06 0.004104863665997982 0.008492054119706154
497 0.3848116360604763 3.574286984076025e-06 0.004091361988335848 0.008495750725269318
498 0.38181267119944096 3.59885817488248e-06 0.0040965437740087506 0.008512512519955636
499 0.39014679519459605 3.5947880155617896e-06 0.004111363969743252 0.008580619916319848
